2 0.0244140625 0.48532160205580027 0.049375 0.429916
2 0.419921875 0.4528091732745962 0.84125 0.426153
2 0.0687890625 0.3076185800293686 0.019375000000000003 0.12323599999999993
2 0.107890625 0.3227395785609398 0.02062499999999999 0.10159899999999991
2 0.1677734375 0.35821058443465487 0.03 0.18438400000000013
2 0.2045703125 0.3036500044052864 0.02687500000000001 0.06302899999999997
2 0.2626171875 0.35756829809104257 0.023125000000000007 0.174977
2 0.3026171875 0.2975234346549192 0.021874999999999978 0.08654700000000007
2 0.459375 0.4624000293685756 0.125 0.41298199999999996
2 0.599921875 0.5314908604992657 0.028749999999999942 0.04797800000000002
2 0.79125 0.3384097254038179 0.09562499999999996 0.15616199999999997
2 0.7961328125 0.5280237342143906 0.10375000000000001 0.281279
3 0.201875 0.4180281527165932 0.0625 0.14016999999999996
3 0.2397265625 0.4712824405286344 0.06562500000000002 0.17027299999999992
3 0.6149609375 0.4727508693098385 0.10875000000000001 0.17121399999999995
3 0.668984375 0.4558868678414097 0.10625000000000007 0.15239899999999995
