3 0.04296875 0.8604370805270865 0.08625 0.2542209999999999
3 0.0412109375 0.6944479575402636 0.076875 0.15947399999999995
3 0.3750390625 0.6083013748169839 0.14375 0.19043200000000005
3 0.5020703125 0.645456663250366 0.15187499999999998 0.22232699999999997
3 0.5358203125000001 0.5684021844802343 0.08874999999999994 0.142589
3 0.7053125 0.5449761229868229 0.04749999999999999 0.09380800000000004
3 0.7160546875 0.5940719575402637 0.06937499999999996 0.15853699999999984
3 0.8231640625 0.5608530248901904 0.050000000000000044 0.1153849999999999
3 0.8814453125 0.5224179633967789 0.02562500000000001 0.06941799999999997
3 0.918125 0.5528929941434846 0.03187499999999999 0.09099400000000003
3 0.98609375 0.5371994480234261 0.025000000000000022 0.05628499999999992
