2 0.4183203125 0.3026045 0.05812499999999998 0.17249999999999996
2 0.03125 0.36859375 0.064375 0.24333300000000002
2 0.09375 0.6355725833333333 0.188125 0.300834
2 0.0773828125 0.49953125 0.135625 0.2891670000000001
2 0.0539453125 0.34833333333333333 0.025625000000000002 0.04416700000000003
2 0.21421875 0.47489549999999997 0.08687499999999998 0.20333400000000004
2 0.34046875 0.6569270833333333 0.27375 0.28583300000000006
2 0.6250390625 0.7699479166666666 0.17437500000000006 0.4358330000000001
2 0.604375 0.3509899166666666 0.09437499999999999 0.28083300000000005
2 0.70109375 0.5304690833333333 0.08687500000000004 0.12916599999999998
2 0.7390234375 0.30151041666666667 0.06187500000000001 0.13916700000000004
2 0.7844921875 0.5075524166666666 0.053749999999999964 0.10750000000000008
2 0.8110546875 0.33265625 0.03875000000000006 0.07083299999999997
2 0.905546875 0.35125 0.028750000000000053 0.0625
