2 0.029296875 0.5648400234948605 0.059375 0.330827
2 0.0380078125 0.431681295154185 0.07375 0.13439800000000005
2 0.139921875 0.7202020396475771 0.24750000000000003 0.5563910000000001
2 0.1241796875 0.482606872246696 0.06937499999999999 0.21240599999999998
2 0.1551953125 0.4186401527165932 0.05687500000000001 0.13909800000000008
2 0.27644531250000004 0.6917711850220265 0.275625 0.593045
2 0.2889453125 0.3996084375917767 0.057499999999999996 0.12876000000000007
2 0.365078125 0.6259256049926578 0.16125 0.46992500000000004
2 0.391875 0.4711498766519824 0.09375 0.27349700000000005
2 0.5393359375 0.6657488986784141 0.264375 0.5836469999999999
2 0.4482421875 0.395026295154185 0.05375000000000002 0.13439899999999996
2 0.53015625 0.4199895844346549 0.07062500000000005 0.18327100000000007
2 0.5725 0.5381724508076358 0.125625 0.31203000000000003
2 0.6612109375 0.4359075859030837 0.10749999999999993 0.20394800000000007
2 0.8076953125 0.6894206152716593 0.37 0.6165410000000001
2 0.8228515625 0.6521203289280469 0.22187499999999993 0.6071430000000002
2 0.8748046875 0.6414297562408223 0.19437500000000008 0.5902260000000001
2 0.92125 0.614765462555066 0.15625 0.4783829999999999
2 0.938671875 0.47455616446402343 0.12124999999999997 0.304512
