0 0.2212109375 0.8008182919708029 0.42000000000000004 0.39439300000000005
0 0.452890625 0.7966711459854017 0.4275 0.3999999999999999
2 0.044921875 0.31923052554744524 0.09125 0.31215
2 0.1648828125 0.36796524087591237 0.07250000000000001 0.17570100000000008
2 0.2580859375 0.6868276350364964 0.20249999999999999 0.6074759999999999
2 0.2294140625 0.33266898540145984 0.11250000000000002 0.28037399999999996
2 0.289609375 0.5217957737226278 0.2 0.34579400000000005
2 0.3272265625 0.24169420437956204 0.06625000000000003 0.07850499999999996
2 0.557265625 0.6055396423357665 0.33375 0.4691579999999999
2 0.4496875 0.4166862846715329 0.10999999999999999 0.13644800000000004
2 0.675859375 0.43027513138686135 0.26249999999999996 0.27850400000000014
2 0.6094921875 0.3658638248175182 0.08499999999999996 0.16635500000000006
2 0.8776171875 0.5201581897810219 0.24125000000000008 0.7570089999999999
