0 0.127335875 0.3871590625 0.060458 0.04901999999999995
0 0.1893319375 0.5893398125 0.107843 0.10457499999999997
0 0.307917125 0.6625113125 0.130719 0.11928100000000008
0 0.5150574375 0.6530264375 0.15522800000000003 0.12418299999999993
0 0.656747875 0.3920610625 0.05882399999999999 0.05065400000000003
0 0.7724225625 0.61813175 0.06536000000000008 0.08660199999999996
0 0.8155448125 0.6008161875 0.07352899999999996 0.08496700000000001
0 0.9049795625000001 0.6135296875 0.12745099999999998 0.10130799999999995
0 0.9678815000000001 0.5936035625 0.04738599999999982 0.09640499999999996
2 0.40244575 0.442669625 0.08660099999999998 0.24019600000000002
2 0.296875 0.1975524375 0.594771 0.24836599999999998
2 0.058070625 0.351191875 0.052287 0.06045800000000001
2 0.13909300000000002 0.363830625 0.06372599999999999 0.11437899999999995
2 0.18403406249999998 0.5330496250000001 0.143791 0.14542499999999997
2 0.21883887500000002 0.37341043749999997 0.05882399999999996 0.062092000000000036
2 0.3238804375 0.6045689375 0.155229 0.17156800000000005
2 0.29986225 0.3802655625 0.07189500000000004 0.06535999999999997
2 0.39733975 0.015625 0.024510000000000032 0.03268
2 0.43556000000000006 0.017578125 0.03267899999999996 0.035948
2 0.5010654375 0.5768485 0.12418300000000004 0.1421570000000001
2 0.5136526875 0.0361328125 0.03758200000000006 0.073529
2 0.6502502499999999 0.04296875 0.04085000000000005 0.086601
2 0.7511745 0.36614025 0.235294 0.10294200000000003
2 0.8192339375 0.2051225625 0.357843 0.22222199999999998
2 0.8225595 0.6421246875 0.32843100000000003 0.3496730000000001
2 0.7656058124999999 0.04296875 0.04248400000000008 0.086601
2 0.90188425 0.0537685 0.03921600000000003 0.08006500000000001
2 0.9388280000000001 0.0537109375 0.0326789999999999 0.10784300000000001
2 0.979996125 0.0537109375 0.03594799999999998 0.10784300000000001
