0 0.590233875 0.68046875 0.43437600000000004 0.43124999999999997
2 0.1189453125 0.523046875 0.182813 0.559375
2 0.276172375 0.504296375 0.23125000000000004 0.512501
2 0.2279296875 0.496875 0.13281199999999996 0.501563
2 0.311328625 0.4787104375 0.14531200000000002 0.529688
2 0.533983875 0.59296875 0.37187499999999996 0.5546879999999998
2 0.459765625 0.4833984375 0.17656199999999994 0.529688
2 0.460546875 0.4994135625 0.12187499999999996 0.5656249999999999
2 0.58515625 0.323828625 0.1343749999999999 0.301562
2 0.7041020625 0.4615239375 0.11250000000000004 0.609374
2 0.8109375 0.4744145625 0.11093799999999998 0.6593749999999999
2 0.9134765625 0.4697265625 0.15937500000000004 0.596875
