2 0.1649609375 0.5936458333333333 0.07625000000000001 0.30750000000000005
2 0.02734375 0.5582815833333333 0.05625 0.27083299999999993
2 0.029296875 0.5843229166666667 0.06 0.279167
2 0.100078125 0.5798434166666667 0.066875 0.26499999999999996
2 0.120234375 0.5493753333333333 0.07499999999999998 0.2616660000000001
2 0.246015625 0.57223925 0.08249999999999999 0.25833400000000006
2 0.2296875 0.5673440833333333 0.04749999999999999 0.22249999999999992
2 0.286015625 0.5614059166666666 0.05125000000000002 0.21750000000000003
2 0.338828125 0.5549475833333334 0.06687500000000002 0.27
2 0.3870703125 0.5463545 0.05687500000000001 0.23583300000000004
2 0.4285546875 0.5582295 0.03875000000000001 0.205
2 0.464140625 0.5437503333333333 0.05125000000000002 0.23083299999999998
2 0.502890625 0.55494825 0.05125000000000007 0.22916599999999998
2 0.5602734375 0.5649996666666667 0.06125000000000003 0.21000000000000005
2 0.55859375 0.45151075 0.02375000000000005 0.05666599999999996
2 0.5848046875 0.5431770833333333 0.03749999999999998 0.22250000000000006
2 0.6065625 0.5663017499999999 0.04812499999999997 0.21166700000000005
2 0.636953125 0.47343783333333334 0.036250000000000004 0.09000000000000008
2 0.65609375 0.5471350833333334 0.05625000000000002 0.253334
2 0.70484375 0.5326565833333333 0.055625000000000036 0.23749999999999996
2 0.7253125 0.5772395833333334 0.04812499999999997 0.17500000000000004
2 0.75140625 0.5119788333333334 0.039999999999999925 0.18416699999999997
2 0.775390625 0.5445309166666666 0.05125000000000002 0.24833399999999997
2 0.820703125 0.550833 0.06687500000000002 0.25166699999999986
2 0.8014453125 0.5075003333333333 0.02562500000000001 0.16749999999999998
2 0.857734375 0.6198955 0.04437499999999994 0.07916699999999999
2 0.89234375 0.5242705 0.055625000000000036 0.17333400000000002
2 0.8987109375 0.61661425 0.04562500000000003 0.10166699999999995
2 0.930390625 0.49875 0.05125000000000002 0.18999999999999995
2 0.9462890625 0.62213575 0.050000000000000044 0.088333
2 0.976484375 0.5353645833333333 0.04312500000000008 0.20666700000000007
