2 0.0806640625 0.7472726363636364 0.111875 0.3135200000000001
2 0.0595703125 0.6227044545454546 0.12 0.22960300000000003
2 0.1932421875 0.5700228181818181 0.084375 0.15967399999999998
2 0.36046875 0.54014 0.11812499999999998 0.363636
2 0.4243359375 0.4219577272727273 0.04500000000000004 0.21794900000000006
2 0.4658984375 0.7058274545454545 0.12437500000000007 0.31118899999999994
2 0.5448046875 0.4409786363636364 0.03874999999999995 0.11421899999999999
2 0.568515625 0.5537058181818182 0.08374999999999999 0.15967399999999987
2 0.6474609375 0.4762233636363636 0.04625000000000001 0.12937099999999996
2 0.6819921875 0.5035431818181818 0.053749999999999964 0.12704
2 0.72140625 0.4518410909090909 0.039999999999999925 0.10489500000000006
2 0.76484375 0.4968299090909091 0.055624999999999925 0.13869499999999996
2 0.7990234375 0.5344522727272728 0.09249999999999992 0.18881100000000003
2 0.853203125 0.7180890000000001 0.09875 0.28205099999999994
2 0.9207421875 0.6144060909090908 0.08562499999999995 0.22260999999999997
