2 0.0728125 0.6131920487804878 0.10999999999999999 0.5121
2 0.173671875 0.49174117073170737 0.09062499999999998 0.13583199999999995
2 0.31070312499999997 0.49470151219512193 0.16124999999999998 0.30288800000000005
2 0.44953125 0.49128743902439026 0.13374999999999998 0.288837
2 0.4966796875 0.419052756097561 0.03749999999999998 0.05308300000000005
2 0.5559375 0.4997308048780487 0.078125 0.26307500000000006
2 0.643984375 0.4525037073170731 0.10562499999999997 0.24356
2 0.698203125 0.41304460975609764 0.03687499999999999 0.12412099999999987
2 0.7415625 0.45938607317073177 0.07874999999999999 0.21701799999999996
2 0.7548828125 0.3557199268292683 0.04249999999999998 0.08587000000000003
2 0.821796875 0.4504061707317073 0.09062500000000007 0.23575400000000002
2 0.827265625 0.36396063414634144 0.051875000000000004 0.12880600000000011
