0 0.60765625 0.5457288333333333 0.16500000000000004 0.24583399999999997
0 0.041523437499999996 0.296875 0.061875 0.09499999999999997
0 0.2621484375 0.4470836666666667 0.09312500000000001 0.14666599999999988
0 0.33921875 0.4072395833333333 0.05562499999999998 0.05166700000000005
0 0.377578125 0.33755208333333336 0.06687500000000002 0.06749999999999996
0 0.94765625 0.4845836666666667 0.10250000000000004 0.14666599999999996
2 0.0318359375 0.24828091666666666 0.04625 0.06000000000000002
2 0.14265624999999998 0.27671908333333334 0.039999999999999994 0.066666
2 0.271953125 0.38203158333333337 0.09812499999999999 0.20666600000000002
2 0.3062109375 0.31828125 0.044999999999999984 0.10166700000000002
2 0.3604296875 0.25005241666666667 0.03750000000000003 0.10833300000000001
2 0.3771875 0.289375 0.04812499999999997 0.09500000000000004
2 0.6050390625 0.4869270833333333 0.14312500000000006 0.285833
2 0.606796875 0.31494825 0.059374999999999956 0.10166600000000003
2 0.94328125 0.4244791666666667 0.10250000000000004 0.22499999999999995
2 0.9196875 0.28078158333333336 0.04812499999999997 0.14583299999999996
