2 0.2096875 0.7458333333333332 0.016250000000000014 0.043333000000000066
2 0.2609375 0.7458333333333332 0.01687500000000003 0.043333000000000066
2 0.3691015625 0.7272395833333333 0.03375 0.04999999999999997
2 0.3788671875 0.6960416666666668 0.023125000000000007 0.05333299999999985
2 0.3984375 0.5543746666666666 0.015625 0.05250000000000007
2 0.5012890624999999 0.6384375 0.018125000000000002 0.04833299999999996
2 0.5252734375 0.6113024166666666 0.030625000000000013 0.045000000000000005
2 0.6024609375 0.5897395833333333 0.014375000000000027 0.051666999999999984
2 0.6630859375 0.61755175 0.014375000000000027 0.024167000000000122
2 0.6943359375 0.48286425 0.01375000000000004 0.03916699999999995
2 0.6936328125 0.5458850833333334 0.010000000000000009 0.06666699999999988
2 0.7137109375 0.5179684166666666 0.015000000000000013 0.045000000000000005
2 0.726640625 0.44885383333333334 0.020625000000000004 0.027500000000000007
2 0.7404296875 0.5458857500000001 0.0068749999999999645 0.025832999999999995
