0 0.25101562499999996 0.8829163333333333 0.17687500000000003 0.23166699999999998
2 0.660703125 0.8336454999999999 0.0681250000000001 0.14083400000000004
2 0.0048828125 0.9182291666666668 0.01125 0.161667
2 0.0254296875 0.8966145833333332 0.006874999999999999 0.019167000000000083
2 0.0426171875 0.8951559166666666 0.021875 0.030834000000000028
2 0.3488671875 0.7858333333333333 0.023125000000000007 0.04333299999999992
2 0.37953125 0.8336454999999999 0.07125000000000004 0.141667
2 0.4484765625 0.8694788333333333 0.034999999999999976 0.05833400000000003
2 0.4879296875 0.8754684166666666 0.03875000000000006 0.04583400000000001
2 0.5398046875 0.8526038333333332 0.03875000000000006 0.09083400000000008
2 0.70890625 0.8266145833333334 0.040000000000000036 0.14583299999999996
