0 0.5410937499999999 0.7342744110787172 0.33749999999999997 0.4967319999999999
2 0.0419921875 0.38188628571428573 0.085625 0.57423
2 0.0947265625 0.13776034110787172 0.0037500000000000033 0.05135300000000001
2 0.2194921875 0.20191866763848398 0.02250000000000002 0.13352000000000003
2 0.248046875 0.2198691865889213 0.058750000000000024 0.19140999999999997
2 0.2525 0.18586529737609328 0.033125000000000016 0.14752500000000002
2 0.2992578125 0.2279773644314869 0.04125000000000001 0.198879
2 0.322265625 0.16627568221574346 0.02124999999999999 0.09990699999999997
2 0.41890625 0.44393908746355687 0.16499999999999998 0.809524
2 0.3583203125 0.16465597084548103 0.02562500000000001 0.06629400000000002
2 0.3646875 0.14960251895043733 0.015625 0.059757
2 0.6008984374999999 0.6342151895043732 0.28062499999999996 0.585435
2 0.5054296875 0.1441333556851312 0.006250000000000089 0.019607999999999997
2 0.5406640625 0.20622492711370263 0.018125000000000058 0.16246500000000005
2 0.558125 0.20062292711370264 0.03187499999999999 0.16059800000000002
2 0.5671484375 0.20750228279883381 0.02937500000000004 0.180205
