2 0.12875 0.5095389026548672 0.03187499999999999 0.12558999999999998
2 0.197578125 0.4757704277286136 0.03687500000000002 0.18319200000000002
2 0.2435546875 0.46390850147492624 0.06999999999999998 0.18035799999999996
2 0.243515625 0.49148005014749263 0.05124999999999996 0.11803599999999993
2 0.3320703125 0.486634017699115 0.026874999999999982 0.1605290000000001
2 0.358671875 0.4876948702064897 0.02812500000000001 0.16619499999999998
2 0.4144140625 0.47045598525073745 0.04999999999999999 0.20302099999999995
2 0.45546875 0.49271309144542774 0.05625000000000002 0.15863999999999995
2 0.4671875 0.5013914601769912 0.048750000000000016 0.144476
2 0.5090625 0.4843862802359881 0.04875000000000007 0.19169000000000008
2 0.5118750000000001 0.5094138702064896 0.033125000000000016 0.16808299999999995
2 0.5480859375 0.4807886489675517 0.04625000000000001 0.175637
2 0.5826171875 0.47954742772861353 0.053749999999999964 0.18319200000000002
2 0.616484375 0.48474501769911504 0.04437500000000005 0.160529
2 0.6529296875 0.48810894395280235 0.03749999999999998 0.16241700000000006
2 0.6855078125 0.47801816519174034 0.04125000000000001 0.1548630000000001
