2 0.05468716666666667 0.28214843749999996 0.06833399999999999 0.09187500000000001
2 0.049270499999999995 0.4416796875 0.04750000000000001 0.13124999999999998
2 0.08109408333333333 0.5641796875 0.034166 0.06999999999999995
2 0.09020866666666667 0.443828125 0.0525 0.13
2 0.147917 0.2939453125 0.06416599999999999 0.08875
2 0.15463541666666666 0.4416796875 0.04583299999999999 0.13124999999999998
2 0.5384375 0.536640625 0.04833299999999996 0.08374999999999999
2 0.7638024166666666 0.347890625 0.420833 0.48875
2 0.9431249999999999 0.399140625 0.03166700000000011 0.14499999999999996
2 0.97067675 0.2470703125 0.055000000000000014 0.08875
2 0.9796878333333333 0.387578125 0.02666600000000008 0.13
