3 0.056328125 0.6085416666666666 0.09937499999999999 0.17750000000000007
3 0.140625 0.5333850833333332 0.0325 0.06750000000000005
3 0.2200390625 0.5581246666666666 0.018125000000000002 0.11583399999999999
3 0.2973046875 0.5072395833333333 0.007500000000000007 0.05166700000000005
3 0.3174609375 0.4971354166666666 0.014375000000000027 0.045000000000000075
3 0.3506640625 0.5157809166666667 0.01937500000000003 0.06166699999999999
3 0.4133984375 0.5405205000000001 0.060624999999999984 0.10999999999999995
3 0.460078125 0.52130175 0.036250000000000004 0.08666699999999998
3 0.542890625 0.5605205 0.051875000000000004 0.11083399999999995
3 0.5694921875 0.530417 0.023125000000000062 0.0625
3 0.6131640625 0.6459375 0.08125000000000004 0.17333299999999996
3 0.6606640625 0.5581246666666666 0.05062500000000003 0.11583399999999999
3 0.74515625 0.5536979166666667 0.07125000000000004 0.12416699999999992
3 0.834140625 0.6396350833333334 0.145625 0.25499999999999995
3 0.8953125 0.6293746666666666 0.11125000000000007 0.17916700000000008
3 0.9596875 0.5748434166666666 0.07874999999999999 0.1383340000000001
