2 0.2053515625 0.3647399166666667 0.03375 0.09333299999999989
2 0.242734375 0.3554169999999999 0.04375000000000001 0.06416599999999999
2 0.237421875 0.25468716666666663 0.02812500000000001 0.06916699999999998
2 0.2683203125 0.4072395833333333 0.026249999999999996 0.05166700000000005
2 0.2762890625 0.3371878333333333 0.019374999999999976 0.027500000000000042
2 0.308359375 0.8360940833333332 0.07500000000000001 0.16000000000000014
2 0.34671875 0.76807325 0.14875 0.25999999999999995
2 0.311875 0.8949996666666666 0.06312499999999999 0.08416700000000003
2 0.361328125 0.8598434166666666 0.0675 0.14000000000000012
2 0.4351953125 0.3193229166666667 0.05812500000000004 0.030000000000000027
2 0.4463671875 0.24234408333333335 0.05312500000000003 0.09666599999999999
2 0.59953125 0.2956774166666667 0.008750000000000036 0.014165999999999975
2 0.6244921875 0.31390625 0.02312499999999995 0.010000000000000009
2 0.677890625 0.5910940833333332 0.051875000000000004 0.15916600000000006
2 0.7034765625 0.2707815833333333 0.0031249999999999334 0.019166000000000016
2 0.7078515625 0.24828158333333336 0.00374999999999992 0.019165999999999978
2 0.740078125 0.66942675 0.06687500000000002 0.24250000000000002
2 0.7801953125 0.6702604166666667 0.026875000000000093 0.07749999999999997
2 0.795546875 0.5899996666666666 0.028125000000000067 0.08583400000000004
2 0.8087890625 0.8041149166666667 0.04999999999999993 0.185833
2 0.8157421875 0.6490625 0.02312499999999995 0.07916699999999999
2 0.8436328125 0.5701038333333334 0.04249999999999998 0.089167
2 0.858828125 0.66828125 0.03562499999999991 0.10333299999999997
