0 0.37078125 0.6528334508076359 0.19687499999999997 0.3120309999999999
0 0.5835546875 0.6355648781204113 0.16375000000000006 0.296052
2 0.013671875 0.4681517415565345 0.02875 0.383458
2 0.0112109375 0.3319417165932452 0.015 0.032895000000000015
2 0.0210546875 0.3500934302496329 0.006250000000000002 0.023496000000000003
2 0.0284375 0.3357017165932452 0.016874999999999998 0.034774
2 0.0284375 0.4164085800293686 0.016874999999999998 0.12124099999999996
2 0.061640625000000004 0.4676823113069017 0.08374999999999999 0.360902
2 0.0331640625 0.18679414537444933 0.019374999999999996 0.03665400000000003
2 0.039609375 0.3312964302496329 0.012499999999999997 0.023496000000000003
2 0.0478125 0.3417522878120411 0.015625 0.031015000000000053
2 0.0500390625 0.18573728781204113 0.018124999999999995 0.031014999999999987
2 0.0744140625 0.1834457165932452 0.018125000000000002 0.034775
2 0.0866796875 0.3574945726872247 0.007499999999999993 0.018797000000000008
2 0.09640625 0.37341257415565343 0.008750000000000008 0.03853400000000002
2 0.1075390625 0.4176422936857562 0.01937499999999999 0.111842
2 0.1105078125 0.36542514390602054 0.01125000000000001 0.015036999999999993
2 0.121328125 0.3744125726872246 0.0050000000000000044 0.017857000000000043
2 0.1296875 0.41911072246696035 0.015625000000000014 0.11560200000000001
2 0.1363671875 0.361899859030837 0.023125000000000007 0.02819600000000002
2 0.1416796875 0.38704114390602046 0.007499999999999979 0.015038000000000096
2 0.1441796875 0.35896300146842874 0.007500000000000007 0.02255700000000002
2 0.1540625 0.43121186490455216 0.015625 0.10996199999999999
2 0.1592578125 0.36272300146842873 0.011249999999999982 0.020676000000000035
2 0.1670703125 0.4319171497797357 0.026874999999999982 0.09962399999999995
2 0.1721875 0.37629157268722463 0.015625 0.019737000000000053
2 0.1705078125 0.3530892863436123 0.010000000000000009 0.011278
2 0.1893359375 0.35602614390602055 0.015000000000000013 0.016917999999999978
2 0.1903125 0.42140229368575627 0.017500000000000016 0.11372099999999997
2 0.2039453125 0.43667400881057267 0.02687500000000001 0.12593999999999997
2 0.1954296875 0.36060828634361236 0.0062500000000000056 0.011277999999999958
2 0.2110546875 0.3740010014684288 0.007500000000000007 0.021616000000000038
2 0.2192578125 0.37024100146842875 0.009999999999999981 0.021617000000000018
2 0.231640625 0.3865705741556534 0.020625000000000004 0.040414000000000026
2 0.241015625 0.36001985903083705 0.019999999999999962 0.028195999999999978
2 0.2464453125 0.43444243612334804 0.02562500000000001 0.10714300000000009
2 0.267890625 0.38157786049926573 0.020000000000000018 0.04793200000000001
2 0.297734375 0.5371100352422907 0.07437500000000002 0.49342100000000005
2 0.2731640625 0.3436312878120411 0.019374999999999976 0.031015000000000008
2 0.4101953125 0.5885695991189427 0.21437499999999993 0.38909800000000005
2 0.3377734375 0.351619718061674 0.029374999999999984 0.054510999999999886
2 0.346015625 0.3802862878120411 0.020000000000000018 0.031015000000000053
2 0.35671875 0.35097343171806167 0.024375000000000036 0.046053000000000024
2 0.374296875 0.35514400293685755 0.02812500000000001 0.04229400000000003
2 0.3734375 0.3861600029368576 0.017500000000000016 0.04229300000000005
2 0.3894140625 0.388215859030837 0.018125000000000002 0.027255999999999975
2 0.4012890625 0.3503281453744494 0.019374999999999976 0.036653999999999964
2 0.4062890625 0.38304628928046985 0.019374999999999976 0.05169099999999996
2 0.4176953125 0.4271570117474302 0.026874999999999982 0.16729300000000005
2 0.4287109375 0.3373470014684287 0.014375000000000027 0.021616000000000038
2 0.4491796875 0.4199283069016153 0.03750000000000003 0.297932
2 0.4910546875 0.4843590381791484 0.10125 0.5357149999999998
2 0.6183984375 0.5701853098384728 0.18562500000000004 0.339285
2 0.541484375 0.344042859030837 0.011874999999999969 0.029135
2 0.5515625 0.34533443171806166 0.01750000000000007 0.04417300000000002
2 0.55390625 0.3890968604992658 0.008749999999999925 0.04793200000000001
2 0.565859375 0.38298843024963286 0.011874999999999969 0.023496000000000003
2 0.575390625 0.3522660044052864 0.02124999999999999 0.062029999999999974
2 0.590703125 0.3063898604992658 0.03562500000000002 0.049812000000000016
2 0.5821875 0.3899780014684287 0.015625 0.022557000000000063
2 0.5925 0.3445122892804699 0.03187499999999999 0.05169200000000002
2 0.590234375 0.384456859030837 0.013125000000000053 0.02913499999999996
2 0.602265625 0.39408957415565343 0.02124999999999999 0.03853399999999998
2 0.622578125 0.41870129074889867 0.036250000000000004 0.07330800000000001
2 0.6140625 0.39555800293685756 0.016875000000000084 0.04323299999999997
2 0.6207421875 0.3587861453744493 0.021874999999999978 0.035715000000000025
2 0.62984375 0.31584571953010276 0.024374999999999925 0.07518800000000003
2 0.6451171875 0.35179657415565346 0.021874999999999978 0.03853399999999998
2 0.648359375 0.386335859030837 0.012500000000000067 0.027255999999999975
2 0.6564453125 0.31666886196769456 0.026874999999999982 0.06766899999999998
2 0.667734375 0.45711187518355356 0.04437500000000005 0.254699
2 0.6600390625 0.36607043024963287 0.01937500000000003 0.025375999999999926
2 0.685078125 0.35291243024963287 0.0050000000000000044 0.024436999999999987
2 0.6860546875 0.37294414390602054 0.006249999999999978 0.015977000000000036
2 0.6923046875 0.3544987165932452 0.0068750000000000755 0.032895000000000015
2 0.69765625 0.3800515726872246 0.008750000000000036 0.01973599999999999
2 0.7089453125 0.397730577092511 0.026874999999999982 0.08082700000000002
2 0.7016796875 0.35261871659324523 0.007500000000000062 0.032895000000000015
2 0.7230078125 0.3621345741556534 0.011249999999999982 0.040414000000000026
2 0.729140625 0.30351086196769456 0.020000000000000018 0.06860899999999998
2 0.736953125 0.4696847268722467 0.03562500000000002 0.176692
2 0.7431640625 0.35767028928046996 0.01937500000000003 0.05075199999999998
2 0.7494140625 0.38263471806167404 0.018125000000000058 0.055451000000000014
2 0.76796875 0.34286700440528634 0.024375000000000036 0.06296999999999998
2 0.7751953125 0.4583488678414097 0.02562500000000001 0.152255
2 0.7774609375 0.3045098604992658 0.01375000000000004 0.04793199999999997
2 0.79 0.3512081468428781 0.03312499999999996 0.058271000000000024
2 0.7883203125 0.4018432892804699 0.02562500000000001 0.050751999999999936
2 0.79765625 0.4662784390602056 0.03937500000000005 0.14849599999999996
2 0.813515625 0.32906157856093976 0.020625000000000004 0.10056399999999995
2 0.826875 0.45558672687224666 0.03312499999999996 0.17763199999999998
2 0.829375 0.34410071806167397 0.03249999999999997 0.055451000000000014
2 0.8394140625 0.31373200440528637 0.01937500000000003 0.062029999999999974
2 0.8433203125 0.39620428928046986 0.02562500000000001 0.052631000000000004
2 0.8601953125 0.35414500440528635 0.026874999999999982 0.062030000000000064
2 0.863125 0.47508901174743023 0.03187499999999999 0.16541399999999998
2 0.8555859375 0.3191362892804699 0.01375000000000004 0.05075199999999998
2 0.87390625 0.4019022878120412 0.008125000000000049 0.031014999999999925
2 0.89265625 0.47720372687224666 0.04062499999999991 0.178571
2 0.8925 0.3445701483113069 0.03312500000000007 0.07894700000000006
2 0.9171484375 0.4316824346549192 0.030625000000000013 0.08646600000000011
2 0.9125390625 0.38263585756240814 0.01937499999999992 0.007519000000000132
2 0.91796875 0.3026877195301028 0.024375000000000036 0.07518799999999994
2 0.9310546875 0.46122572687224667 0.03875000000000006 0.17763200000000004
2 0.927421875 0.349739718061674 0.028125000000000067 0.05357200000000003
2 0.9508203125 0.3129667209985316 0.02562500000000001 0.09398499999999994
2 0.9590234375 0.3522660044052864 0.030000000000000027 0.06390900000000001
2 0.9575390625 0.4433720058737151 0.018750000000000044 0.08270600000000002
2 0.9751953125 0.4830774419970631 0.02562500000000001 0.19078900000000004
2 0.983671875 0.3445122892804699 0.028125000000000067 0.05169200000000002
2 0.982265625 0.30685929074889867 0.020625000000000004 0.07330799999999997
2 0.9930078125 0.46927315565345074 0.010000000000000009 0.1804510000000001
