2 0.1013676875 0.8020833333333334 0.07031200000000001 0.29166700000000007
2 0.305859375 0.9169270833333334 0.2625 0.16041699999999995
2 0.26328125 0.5875 0.03906300000000004 0.0625
2 0.3205078125 0.5958333333333333 0.042186999999999975 0.0437500000000001
2 0.37929637499999996 0.60442675 0.04375100000000004 0.05625000000000006
2 0.6921875 0.6281246666666667 0.610938 0.7395840000000001
2 0.4287109375 0.39583299999999993 0.04531199999999996 0.127084
2 0.44394581250000004 0.6135416666666668 0.042186999999999975 0.05416699999999993
2 0.5201171875 0.6244795 0.05468699999999993 0.14166600000000015
2 0.5513671875 0.647917 0.05312499999999998 0.12708300000000014
2 0.7810546875 0.9794270833333334 0.06875000000000009 0.035416999999999955
2 0.8244145625 0.9473961666666666 0.06562499999999993 0.10000000000000009
2 0.9259770624999999 0.8901038333333333 0.14375000000000004 0.21458400000000002
