0 0.63125 0.6341054128843339 0.34562500000000007 0.603189
0 0.091796875 0.4226045344070279 0.184375 0.21951199999999996
0 0.5065625 0.4366054363103953 0.109375 0.23733600000000002
2 0.0860546875 0.31947691508052706 0.13125 0.31707299999999994
2 0.6332421875 0.5598379956076134 0.33437500000000003 0.569419
2 0.53984375 0.36896739970717424 0.11812499999999998 0.30581600000000003
2 0.5665625 0.1233113748169839 0.04875000000000007 0.190431
2 0.6577734375 0.09563212298682286 0.030625000000000013 0.09662299999999999
2 0.6871484375 0.10654734992679356 0.02937500000000004 0.0788
2 0.701875 0.07870296339677892 0.03125 0.06941900000000002
2 0.709453125 0.1642705402635432 0.03562500000000002 0.12664200000000003
2 0.77265625 0.1458954729136164 0.039999999999999925 0.17073100000000002
2 0.803828125 0.1366546691068814 0.036250000000000004 0.13039399999999998
2 0.8279296875 0.06790199414348462 0.03875000000000006 0.09193300000000001
2 0.8563671875 0.15463608638360177 0.053750000000000075 0.163227
2 0.868203125 0.08730338067349927 0.03562500000000002 0.10225200000000002
2 0.897890625 0.18326105563689607 0.05249999999999999 0.138836
2 0.952890625 0.11661289604685213 0.05125000000000002 0.113508
2 0.954140625 0.18847718448023426 0.05249999999999999 0.14258900000000002
2 0.9900390625 0.11578815373352855 0.018125000000000058 0.11913699999999999
