0 0.286640625 0.8412372708638359 0.17687499999999998 0.3020630000000001
0 0.107421875 0.7954728477306002 0.215625 0.36303899999999995
0 0.78890625 0.38781593265007325 0.04062500000000002 0.04596599999999996
0 0.8835546875 0.531808467057101 0.16375000000000006 0.26172599999999996
2 0.740703125 0.25225846705710103 0.12937500000000002 0.262664
2 0.111875 0.6360160688140557 0.18875 0.43621000000000004
2 0.222265625 0.2586670497803807 0.08312500000000003 0.22889299999999996
2 0.272890625 0.7405117803806734 0.176875 0.40619100000000014
2 0.8349609375 0.40037171303074676 0.20125000000000004 0.44840500000000005
2 0.8754296875 0.5539383206442167 0.13187499999999996 0.5300179999999999
