2 0.2552734375 0.8008463938506589 0.12437499999999999 0.395873
2 0.317890625 0.8336267306002927 0.05125000000000002 0.1782359999999999
2 0.413125 0.8362823133235725 0.03312499999999996 0.14634199999999986
2 0.4394921875 0.8451035285505124 0.053749999999999964 0.3076920000000002
2 0.5144140625 0.8745157979502197 0.050000000000000044 0.13320899999999988
2 0.54 0.839876896046852 0.03187499999999999 0.11350900000000004
2 0.5710546875 0.829216122986823 0.03875000000000006 0.0956849999999998
2 0.747421875 0.8724382210834554 0.05999999999999994 0.07504699999999988
2 0.8192578125 0.883300571010249 0.073125 0.15009399999999992
2 0.8720703125 0.914257571010249 0.08812500000000001 0.15009399999999976
2 0.9398828125 0.8911041844802344 0.073125 0.14165099999999992
