3 0.08012510755148743 0.802890625 0.072474 0.05125000000000002
3 0.6870163798627003 0.8314453125 0.144217 0.08875
3 0.6903565446224257 0.8294921875 0.14787700000000004 0.08562500000000006
3 0.720729590389016 0.8233984375 0.09224100000000005 0.09187500000000004
3 0.7495519427917621 0.8254296875 0.07027799999999995 0.06999999999999995
3 0.7647412837528604 0.827578125 0.060029000000000075 0.0668749999999999
3 0.799331942791762 0.8166015625 0.07027800000000008 0.06624999999999992
3 0.8971724988558352 0.86921875 0.20278200000000007 0.11812499999999992
3 0.9055891807780321 0.87 0.18521199999999996 0.09562499999999996
3 0.9802396361556065 0.9107421875 0.037334999999999924 0.08562499999999995
