2 0.06933625 0.43432861194029854 0.071289 0.21194000000000005
2 0.28417987499999997 0.3925370746268656 0.09082000000000004 0.208955
2 0.31835956249999997 0.4044772089552239 0.06640600000000002 0.2582090000000001
2 0.37988299999999997 0.4014921194029851 0.06445299999999998 0.291045
2 0.45703131249999995 0.48805998507462683 0.08789100000000005 0.23880599999999996
2 0.48144575000000006 0.4746271492537313 0.11816399999999988 0.21492499999999998
2 0.598632625 0.5940293731343284 0.11425799999999997 0.42985100000000004
2 0.8076176875 0.6164174776119403 0.38183500000000004 0.7611939999999999
2 0.6943356875000001 0.34029804477611936 0.06835999999999987 0.28507499999999997
2 0.7001950625000001 0.46119361194029856 0.08105499999999988 0.21044800000000002
2 0.77148425 0.32835816417910446 0.03906299999999996 0.17611900000000005
2 0.772461125 0.45074588059701487 0.03613299999999997 0.11194100000000001
2 0.79980475 0.3253733880597015 0.05566400000000005 0.19104499999999994
