0 0.781640625 0.8018753333333333 0.20750000000000002 0.26083300000000004
0 0.3382421875 0.58463575 0.17812499999999998 0.211666
2 0.0659765625 0.5721350833333333 0.06625 0.25499999999999995
2 0.14406249999999998 0.5456253333333333 0.046875000000000014 0.20000000000000004
2 0.1844921875 0.57963575 0.05437500000000001 0.213333
2 0.2331640625 0.48593783333333335 0.019375000000000003 0.08916600000000001
2 0.294765625 0.5680729166666666 0.051875000000000004 0.09333300000000004
2 0.3506640625 0.5981774166666667 0.05062500000000003 0.13833299999999996
2 0.469609375 0.6859378333333334 0.20062500000000005 0.590833
2 0.6350390625 0.6534378333333334 0.17437500000000006 0.3399999999999999
2 0.628046875 0.7559378333333333 0.12187499999999996 0.4649999999999999
2 0.7283984375 0.6064062499999999 0.06187500000000001 0.2600000000000002
2 0.808046875 0.7676038333333333 0.18374999999999997 0.340834
2 0.8141015625 0.5039059166666666 0.03375000000000006 0.09333400000000003
2 0.8453515625 0.5437496666666667 0.03375000000000006 0.14666700000000002
2 0.8534375 0.65338575 0.04875000000000007 0.15000000000000005
2 0.93609375 0.6030205 0.055625000000000036 0.11166700000000003
2 0.955625 0.5454684166666667 0.0318750000000001 0.17166700000000001
2 0.985546875 0.5571354166666667 0.02749999999999997 0.170833
2 0.985546875 0.6602604166666667 0.02749999999999997 0.07583299999999997
3 0.4778515625 0.8268749999999999 0.28375 0.34416700000000006
3 0.5233203125 0.5507809166666666 0.05812499999999998 0.06000000000000005
