2 0.07714868750000001 0.6596354166666666 0.03749999999999999 0.13854200000000008
2 0.10000025 0.71276075 0.04062500000000001 0.1499999999999999
2 0.098046875 0.6268225833333334 0.028905999999999987 0.08229199999999981
2 0.11035181250000001 0.5677083333333334 0.010155999999999998 0.043749999999999956
2 0.142188 0.7057291666666666 0.032031000000000004 0.16354199999999994
2 0.1439450625 0.5994795 0.01874999999999999 0.04895799999999998
2 0.171484625 0.62578125 0.020311999999999997 0.070833
2 0.1822265625 0.7166663333333334 0.03515599999999999 0.13541700000000004
2 0.1898435 0.5742190833333334 0.015625 0.036457999999999956
2 0.2099611875 0.6124996666666668 0.021875000000000006 0.05208399999999994
2 0.2134763125 0.6986975833333333 0.025781 0.14374999999999996
2 0.236327875 0.6328125 0.027344000000000007 0.08020799999999999
2 0.351952875 0.7453128333333333 0.06015599999999999 0.18437500000000004
2 0.8482421875 0.7499996666666666 0.02343700000000004 0.14791699999999994
2 0.8716794375 0.7447913333333332 0.029688000000000048 0.13541700000000004
