2 0.2222265625 0.32969809224011715 0.03437499999999999 0.07129500000000003
2 0.2716015625 0.29453306149341146 0.03375 0.047841999999999954
2 0.28125 0.3202469941434846 0.03187499999999999 0.090995
2 0.298046875 0.3020380614934114 0.028749999999999998 0.04878000000000006
2 0.306875 0.30999809224011715 0.033125000000000016 0.07317099999999997
2 0.3741796875 0.3087537613469985 0.09999999999999998 0.20075099999999996
2 0.38671875 0.3058956017569546 0.05499999999999999 0.174484
2 0.4366015625 0.34355108052708644 0.09687499999999999 0.253283
2 0.5346875 0.4412712840409956 0.17312499999999997 0.5975609999999999
2 0.5499609375000001 0.30131114202049775 0.13874999999999998 0.300188
2 0.6240625 0.40662109224011717 0.016875000000000084 0.07129499999999998
2 0.666171875 0.3980648345534407 0.028125000000000067 0.06472799999999992
2 0.8002734375 0.45508011273792087 0.18562499999999993 0.754222
