2 0.81796875 0.6080725833333332 0.08750000000000002 0.3000000000000001
2 0.143359375 0.5638024166666668 0.04375 0.170833
2 0.1685551875 0.5770833333333334 0.054686999999999986 0.16874999999999987
2 0.2146484375 0.56875 0.06093699999999999 0.1875
2 0.3380859375 0.572917 0.04531300000000005 0.18958299999999983
2 0.43359425 0.7213541666666666 0.13437399999999994 0.50625
2 0.398046875 0.63776075 0.059374999999999956 0.24375000000000005
2 0.55 0.5460940833333333 0.12500000000000006 0.09791599999999996
2 0.617578125 0.5875 0.035938000000000025 0.1875
2 0.6908203125 0.54296875 0.026561999999999975 0.08750000000000006
