3 0.3548046875 0.37942334328358207 0.03812500000000002 0.10983800000000006
3 0.3721484375 0.3873044925373134 0.030000000000000027 0.12129899999999996
3 0.385 0.39601956716417913 0.033125000000000016 0.127985
3 0.407265625 0.3911244925373134 0.05249999999999999 0.12129899999999996
3 0.484140625 0.42520750746268654 0.020625000000000004 0.08213999999999998
3 0.5169921875 0.41243488059701494 0.023125000000000062 0.11174800000000004
3 0.609296875 0.7485313880597015 0.15375000000000005 0.3935049999999999
3 0.5701953125 0.4928395970149254 0.026874999999999982 0.050620999999999985
3 0.6751171875 0.48377308955223874 0.053749999999999964 0.16809900000000008
3 0.7926171875 0.6750430298507463 0.14687499999999998 0.32282699999999986
3 0.8887890625 0.6120668656716417 0.11250000000000004 0.3505259999999999
3 0.9683984375 0.4827016119402985 0.06125000000000003 0.21012399999999998
