0 0.3930859375 0.9046231171303074 0.10875000000000001 0.18667900000000015
2 0.04296875 0.5858929150805271 0.0875 0.3189499999999999
2 0.0498046875 0.664132130307467 0.1 0.4812380000000001
2 0.1169921875 0.7504179092240115 0.14750000000000002 0.4099439999999999
2 0.1190625 0.43615812298682277 0.04875 0.09380800000000013
2 0.1315234375 0.5171931171303075 0.06125 0.18480300000000013
2 0.1244921875 0.3967840614934114 0.02187499999999999 0.04971900000000005
2 0.1262109375 0.1693110307467057 0.014375000000000013 0.025329000000000018
2 0.153984375 0.5815611229868228 0.044375 0.09380900000000002
2 0.2098828125 0.6784758052708638 0.13562500000000002 0.518761
2 0.1616796875 0.38365106149341144 0.03875000000000001 0.04784299999999997
2 0.16671875 0.4233928345534408 0.024375000000000008 0.06472800000000001
2 0.19703125 0.46622028257686676 0.07062500000000002 0.12289000000000001
2 0.185625 0.38220515373352854 0.03125 0.11913700000000002
2 0.236875 0.7741243631039532 0.125625 0.3733579999999998
2 0.1869140625 0.3501085768667643 0.01874999999999999 0.06097500000000001
2 0.2059375 0.604137503660322 0.046875 0.19606000000000007
2 0.2061328125 0.39815215373352847 0.04249999999999998 0.11726099999999998
2 0.222421875 0.4064991171303075 0.05937500000000001 0.185741
2 0.21140625 0.35955867496339683 0.008750000000000008 0.04033799999999998
2 0.24875 0.3550260922401171 0.03312499999999999 0.07317100000000006
2 0.25777343750000004 0.3334500922401171 0.029375000000000012 0.07317100000000006
2 0.256484375 0.35933115959004397 0.011875000000000024 0.029080999999999965
2 0.2707421875 0.2901848345534407 0.023125000000000007 0.06472800000000001
2 0.274609375 0.3672480307467057 0.013124999999999998 0.02345200000000001
2 0.2885546875 0.38065270571010246 0.03875000000000001 0.06379000000000003
2 0.2864453125 0.33610667496339675 0.02562500000000001 0.03846199999999999
2 0.3146875 0.7064334494875548 0.078125 0.53471
2 0.290390625 0.2740794172767203 0.019999999999999962 0.03470899999999998
2 0.304609375 0.41783393265007324 0.044375 0.04408999999999993
2 0.301953125 0.4671852210834553 0.03687499999999999 0.07504700000000004
2 0.2994140625 0.3357389633967789 0.019374999999999976 0.06754200000000002
2 0.34625 0.2830657672035139 0.09375 0.10975599999999999
2 0.312890625 0.3108929326500732 0.020625000000000004 0.04409000000000005
2 0.322421875 0.3633548345534407 0.028124999999999956 0.06472800000000005
2 0.3321875 0.46573831332357246 0.04749999999999999 0.14446599999999998
2 0.3532421875 0.49024257101024893 0.08437499999999998 0.15009399999999992
2 0.328125 0.33180260761347 0.033125000000000016 0.0825509999999999
2 0.328515625 0.3827130614934114 0.020625000000000004 0.048781000000000026
2 0.353046875 0.5732246632503659 0.05937500000000001 0.22138800000000003
2 0.399921875 0.7970943938506589 0.15250000000000002 0.3968109999999999
2 0.3438671875 0.35374631918008786 0.023125000000000007 0.05347099999999999
2 0.3595703125 0.4084970922401171 0.026875000000000038 0.07317100000000006
2 0.3704296875 0.36415363836017567 0.03875000000000001 0.10600299999999996
2 0.3923046875 0.4467046383601757 0.03749999999999998 0.10787999999999996
2 0.45578125 0.7320947188872622 0.16437499999999994 0.35741099999999987
2 0.38796875 0.36788741727672036 0.024375000000000036 0.03471
2 0.3994140625 0.3271375461200586 0.019374999999999976 0.036586000000000035
2 0.4056640625 0.3050364172767203 0.018125000000000002 0.03377100000000001
2 0.403984375 0.28282003074670575 0.011874999999999969 0.02532799999999996
2 0.4084375 0.3308905461200586 0.016874999999999973 0.03658499999999998
2 0.4155859375 0.2809440307467057 0.015000000000000013 0.025328000000000003
2 0.4332421875 0.2943045461200586 0.021875000000000033 0.036585999999999994
2 0.4266796875 0.32292951537335285 0.007500000000000007 0.014070999999999986
2 0.4309765625 0.3089727730600293 0.003124999999999989 0.018760999999999993
2 0.4417578125 0.2846960307467057 0.011249999999999982 0.02345200000000001
2 0.446484375 0.27805993265007317 0.012500000000000011 0.045966
2 0.464140625 0.28075967496339677 0.020625000000000004 0.03846199999999999
2 0.4705859375 0.2830475461200586 0.015000000000000013 0.03658599999999995
2 0.50609375 0.2962688653001464 0.05499999999999994 0.09005699999999998
2 0.565234375 0.7103525841874085 0.13687500000000002 0.446529
2 0.552109375 0.7810772957540264 0.10624999999999996 0.4165099999999999
2 0.527421875 0.344979767203514 0.028124999999999956 0.10881799999999993
2 0.5717578125 0.29976741142020497 0.10499999999999998 0.124765
2 0.5449609375 0.4914791844802343 0.04625000000000001 0.14071299999999995
2 0.55234375 0.4266628653001464 0.05625000000000002 0.08818000000000002
2 0.5629296875 0.5460715402635432 0.06937499999999996 0.126642
2 0.547890625 0.35685893265007324 0.02124999999999999 0.04408999999999997
2 0.56609375 0.35768267496339673 0.024375000000000036 0.03846200000000007
2 0.5858984375 0.4143104480234261 0.030625000000000013 0.058160999999999956
2 0.5793359375 0.31734467496339674 0.014375000000000027 0.03846199999999999
2 0.5803125 0.3838354172767203 0.016874999999999973 0.03377100000000001
2 0.5837890625 0.36079528843338216 0.018125000000000058 0.030957
2 0.584609375 0.3325390307467057 0.013125000000000053 0.023452000000000053
2 0.5996875 0.35017767496339675 0.016249999999999987 0.04033800000000006
2 0.602734375 0.38463322108345527 0.012499999999999956 0.075047
2 0.624765625 0.40494666910688143 0.05125000000000002 0.129456
2 0.6475 0.43549179795021964 0.0625 0.133208
2 0.676640625 0.2956726383601757 0.11375000000000002 0.10694199999999998
2 0.6753515625 0.7502777130307466 0.09625000000000006 0.4502819999999999
2 0.658046875 0.3334500922401171 0.028124999999999956 0.07129500000000003
2 0.6835546875 0.5065064055636896 0.06937499999999996 0.2157600000000001
2 0.6596875 0.35246654612005857 0.016874999999999973 0.03658500000000002
2 0.723515625 0.5604411537335285 0.05249999999999999 0.11726100000000002
2 0.763125 0.74156303806735 0.09562499999999996 0.412758
2 0.76265625 0.5364370863836019 0.07062499999999994 0.16135099999999986
2 0.762109375 0.5054187057101025 0.04437500000000005 0.061913000000000024
2 0.766015625 0.47116473645680823 0.05125000000000002 0.08630400000000006
2 0.7643359375 0.3806267672035139 0.04562500000000003 0.10975600000000003
2 0.7853125 0.42639119033674966 0.016875000000000084 0.052532999999999934
2 0.805078125 0.4133714480234261 0.036250000000000004 0.05816199999999993
2 0.8802734375 0.6042430439238653 0.18625000000000003 0.321763
2 0.8301953125 0.39799473645680816 0.057499999999999996 0.08630400000000006
2 0.8734375 0.7192516149341142 0.140625 0.4699809999999999
2 0.834609375 0.3842655095168375 0.04375000000000007 0.10412699999999991
2 0.8444921875 0.47453180380673493 0.021874999999999978 0.042213999999999974
2 0.90125 0.6416345651537336 0.125625 0.242964
2 0.87140625 0.4582160922401171 0.03937499999999994 0.07317099999999993
2 0.9165234375 0.4567519633967789 0.030625000000000013 0.06754199999999994
2 0.9675 0.7178306456808199 0.06312499999999999 0.49249600000000004
2 0.969296875 0.4854123748169839 0.05937500000000007 0.19043100000000007
2 0.9825 0.5549533499267935 0.03249999999999997 0.07692300000000009
2 0.9839453125 0.4616263191800879 0.026875000000000093 0.05347099999999999
