0 0.4017578125 0.7303086035242291 0.22999999999999998 0.4501880000000001
2 0.9253125 0.480135026431718 0.07874999999999999 0.37218
2 0.0358203125 0.4367885873715125 0.0575 0.22462399999999993
2 0.0569921875 0.43884444346549195 0.053750000000000006 0.20958699999999997
2 0.08578125 0.45247187371512476 0.039999999999999994 0.233083
2 0.112265625 0.4847773069016152 0.051250000000000004 0.29887199999999997
2 0.12941406249999998 0.4990500234948605 0.05 0.33082800000000007
2 0.1658203125 0.5156710308370044 0.120625 0.4332710000000001
2 0.2129296875 0.4803720205580029 0.03875000000000001 0.288534
2 0.2632421875 0.47954873861967695 0.08500000000000002 0.34304500000000004
2 0.3249609375 0.43725687812041114 0.10812500000000003 0.29417199999999993
2 0.4038671875 0.7037556093979441 0.210625 0.533834
2 0.4233203125 0.46362973715124817 0.12062499999999998 0.321429
2 0.436484375 0.4711498766519824 0.04375000000000001 0.27349700000000005
2 0.4771484375 0.44530772540381786 0.029374999999999984 0.15789500000000006
2 0.5044921875 0.49482159324522756 0.08437499999999998 0.3082710000000001
2 0.5606249999999999 0.5261257488986785 0.12562500000000004 0.4859019999999999
2 0.6255859375 0.460989872246696 0.04499999999999993 0.214286
2 0.65359375 0.47426572980910425 0.05500000000000005 0.21898399999999996
2 0.6971875 0.46774458883994136 0.04875000000000007 0.24623999999999993
2 0.781640625 0.47819944640234946 0.083125 0.25093999999999994
2 0.8364453125 0.5002858766519824 0.05812499999999998 0.273496
2 0.892890625 0.4361411615271659 0.05249999999999999 0.26221799999999995
2 0.9675 0.5011068795888399 0.06312499999999999 0.315789
