2 0.884140625 0.8240700439238654 0.08250000000000002 0.3205249999999998
2 0.0361328125 0.6896391727672035 0.07375 0.3233359999999999
2 0.17578125 0.6200083133235725 0.040624999999999994 0.14620399999999997
2 0.2451171875 0.6601792401171304 0.05375000000000002 0.278351
2 0.2859375 0.6706616573938506 0.04749999999999999 0.31115300000000007
2 0.4307421875 0.6631114363103954 0.05375000000000002 0.23992499999999986
2 0.499140625 0.6413830190336749 0.05125000000000002 0.20524800000000004
2 0.5401953125 0.6470020805270864 0.05812499999999998 0.2539830000000001
2 0.6581640625 0.65719482284041 0.04999999999999993 0.2464860000000001
2 0.76390625 0.6399188901903368 0.04062500000000002 0.2033740000000001
2 0.787265625 0.6403297613469985 0.05125000000000002 0.19962500000000002
2 0.9215234375 0.6343599267935578 0.030625000000000013 0.13683299999999995
