2 0.0078125 0.7191633741648107 0.015625 0.1925820000000001
2 0.0309375 0.6813014587973274 0.015625 0.11697599999999998
2 0.04828125 0.7063243741648106 0.04062500000000001 0.19400900000000004
2 0.2791796875 0.7678567483296214 0.03812500000000002 0.38516400000000006
2 0.4562109375 0.5807450868596882 0.014999999999999958 0.082739
2 0.4769140625 0.5886782583518931 0.018125000000000002 0.08559199999999996
2 0.7004296875 0.7334001180400891 0.03749999999999998 0.26390899999999995
2 0.7809375 0.7394558040089086 0.04875000000000007 0.281027
2 0.7744921875 0.8074340311804008 0.021874999999999978 0.1868759999999999
2 0.7821875 0.7944206881959911 0.01749999999999996 0.17546300000000004
2 0.8089453125 0.6633822873051225 0.026874999999999982 0.11412299999999996
2 0.8490625 0.7557736325167038 0.04874999999999996 0.2796009999999998
2 0.8425 0.6456384587973274 0.03187499999999999 0.11697599999999998
2 0.8591796875 0.6312263719376392 0.007500000000000062 0.03566400000000007
2 0.8744921875 0.676818859688196 0.02312499999999995 0.1811700000000001
2 0.900859375 0.741406832962138 0.043749999999999956 0.30955799999999994
2 0.9512890625 0.7696606904231625 0.050000000000000044 0.333809
2 0.9636328125 0.5968885723830735 0.010624999999999996 0.06704700000000002
2 0.976484375 0.6022448864142539 0.012500000000000067 0.049928999999999966
2 0.9948046875 0.8053246904231627 0.007500000000000062 0.33380799999999977
