2 0.025390625 0.27723925 0.05125 0.258334
2 0.0565625 0.20130241666666668 0.015625 0.045000000000000005
2 0.0788671875 0.20390658333333334 0.02187499999999999 0.05166599999999999
2 0.1297265625 0.22973958333333333 0.03375 0.05166700000000005
2 0.1817578125 0.23046875 0.07250000000000001 0.088333
2 0.2844921875 0.24369825 0.021875000000000033 0.03916599999999996
2 0.3062109375 0.31213575 0.04625000000000001 0.213333
2 0.3382421875 0.2739586666666667 0.021874999999999978 0.115833
2 0.369609375 0.31234408333333336 0.04312499999999997 0.22166600000000003
2 0.4403125 0.3184378333333333 0.048750000000000016 0.215
2 0.5151953125 0.31953158333333337 0.05812500000000004 0.20666600000000002
2 0.692421875 0.35031216666666665 0.31000000000000005 0.47583400000000003
2 0.5776171875 0.3217705 0.02312499999999995 0.174167
2 0.6155078125 0.3381246666666667 0.04125000000000001 0.23999999999999996
2 0.648828125 0.26333333333333336 0.036250000000000004 0.04333299999999999
2 0.65046875 0.23916633333333334 0.023749999999999938 0.043333999999999984
2 0.6794921875 0.2505208333333333 0.023125000000000062 0.027500000000000042
2 0.8330859375 0.40458333333333335 0.07750000000000001 0.35416700000000007
2 0.8978125 0.39880175 0.07874999999999999 0.33749999999999997
2 0.883125 0.2692705 0.03249999999999997 0.04833399999999999
2 0.9755859375 0.3841149166666667 0.04625000000000001 0.31166599999999994
