3 0.060546875 0.8604857777777778 0.1225 0.2755559999999999
3 0.1018359375 0.8629162222222222 0.13999999999999999 0.26000000000000006
3 0.153671875 0.774235888888889 0.15250000000000002 0.1844449999999999
3 0.2053515625 0.7333335555555556 0.03375 0.11222200000000004
3 0.4232421875 0.8256948888888889 0.11562500000000003 0.341111
3 0.47515625 0.6070832222222222 0.07187499999999997 0.13444500000000006
3 0.6468359375 0.8209032222222222 0.04625000000000001 0.3533329999999999
3 0.870546875 0.8493747777777778 0.24624999999999997 0.27555600000000013
3 0.8515625 0.8488191111111111 0.20375 0.19111100000000014
3 0.9371484375 0.7435417777777779 0.12312500000000004 0.15222199999999997
3 0.95609375 0.90375 0.08625000000000005 0.18888899999999983
3 0.963828125 0.7393052222222222 0.06812499999999999 0.13222300000000015
