0 0.49847837500000003 0.7201642222222222 0.26190499999999994 0.4444450000000001
0 0.1454778125 0.5132920787623066 0.135238 0.13443100000000002
0 0.901885875 0.546804064697609 0.1523810000000001 0.18107
2 0.1297565625 0.45192856680731375 0.09714300000000002 0.2743479999999999
2 0.0870294375 0.30780883684950777 0.03047599999999999 0.15500699999999992
2 0.22334125 0.30252965541490856 0.04095199999999999 0.17284
2 0.48481556249999996 0.5788753333333334 0.1600000000000001 0.668038
2 0.5539380625 0.33845562306610405 0.050475999999999965 0.082305
2 0.6176262499999999 0.29817136708860753 0.040000000000000036 0.15363500000000005
2 0.732816125 0.3169597299578059 0.03619099999999997 0.11934099999999996
2 0.901498875 0.46413468776371314 0.12285800000000002 0.263375
2 0.9708629999999999 0.3261795625879043 0.032381000000000104 0.08916300000000003
