0 0.07339051343705799 0.3412109375 0.11684699999999999 0.07687500000000003
0 0.2335069702970297 0.28390625 0.06159499999999999 0.04062499999999997
0 0.30029909618104667 0.306796875 0.09601500000000002 0.06
0 0.26924470862800565 0.255390625 0.011775000000000011 0.01999999999999999
0 0.34220297029702973 0.262421875 0.05978299999999996 0.027499999999999997
0 0.3695019900990099 0.2634765625 0.019927999999999977 0.03437499999999999
0 0.420310513437058 0.321484375 0.11865899999999999 0.075625
0 0.6021669702970298 0.272265625 0.059781999999999835 0.05124999999999996
0 0.6634752517680339 0.281953125 0.06974600000000003 0.03562499999999996
0 0.7827892121640735 0.3705859375 0.14855099999999982 0.10812499999999997
