2 0.3269921875 0.8566663333333334 0.08437500000000003 0.16749999999999998
2 0.0107421875 0.7046871666666666 0.021875 0.06999999999999999
2 0.0107421875 0.8269788333333333 0.023125 0.18249999999999997
2 0.056640625 0.94661425 0.11375 0.1033340000000001
2 0.0343359375 0.6659899166666666 0.015000000000000003 0.03083299999999996
2 0.057734375 0.7256770833333333 0.043750000000000004 0.09833300000000007
2 0.0701171875 0.6632291666666666 0.021875000000000006 0.03749999999999994
2 0.12703124999999998 0.9013541666666667 0.10187500000000001 0.19416700000000006
2 0.101953125 0.6711982500000001 0.03687499999999999 0.04083300000000004
2 0.1296484375 0.7111458333333333 0.029999999999999985 0.058333000000000045
2 0.175546875 0.7141149166666666 0.02812500000000001 0.06000000000000005
2 0.2545703125 0.7194788333333334 0.02562500000000001 0.05916699999999997
2 0.28453125 0.7096354166666666 0.03999999999999998 0.04666699999999994
2 0.2948046875 0.7267705000000001 0.03749999999999998 0.04833399999999995
2 0.2963671875 0.6875003333333334 0.023125000000000007 0.04333299999999992
2 0.3123828125 0.6789580000000001 0.010624999999999996 0.03333400000000005
2 0.3237890625 0.6973961666666666 0.018125000000000002 0.03750000000000009
2 0.3443359375 0.72432325 0.04624999999999996 0.07083300000000008
2 0.400390625 0.8389059166666666 0.11499999999999999 0.21666700000000017
2 0.3865234375 0.7230725833333334 0.02999999999999997 0.04999999999999997
2 0.382890625 0.6894270833333334 0.02124999999999999 0.03416700000000006
2 0.4269921875 0.6841663333333333 0.021874999999999978 0.04333400000000013
2 0.4308984375 0.7399996666666667 0.029374999999999984 0.08416700000000003
2 0.46140625 0.66338575 0.00874999999999998 0.02416600000000006
2 0.490546875 0.6979684166666668 0.02812500000000001 0.04499999999999993
2 0.4871875 0.6754684166666666 0.015625 0.04666699999999994
2 0.508359375 0.684792 0.013125000000000053 0.03250000000000005
2 0.533203125 0.6840628333333334 0.036250000000000004 0.11999999999999995
2 0.6113671875 0.7217190833333333 0.023125000000000062 0.06583300000000003
2 0.6121875 0.6629684166666666 0.016874999999999973 0.045000000000000005
2 0.699921875 0.6667190833333333 0.028124999999999956 0.06583299999999988
2 0.71859375 0.6931249999999999 0.024374999999999925 0.03250000000000005
2 0.72875 0.7311982499999999 0.03125 0.04166600000000006
2 0.722734375 0.6862496666666668 0.013124999999999942 0.022499999999999964
2 0.752421875 0.6771871666666667 0.028749999999999942 0.06833399999999996
2 0.7566015625 0.7297395833333332 0.03375000000000006 0.05000000000000012
2 0.8176953125 0.6995836666666667 0.025624999999999898 0.022499999999999964
2 0.85125 0.6678128333333334 0.03125 0.059165999999999976
2 0.8526953125 0.7083333333333334 0.02562500000000001 0.04333299999999992
2 0.8738671875 0.7111458333333333 0.021874999999999978 0.058333000000000045
2 0.89640625 0.7031770833333333 0.04062500000000002 0.09666699999999999
2 0.9258203125 0.7247395833333332 0.026249999999999996 0.05000000000000012
2 0.9580859375 0.8171350833333334 0.07624999999999993 0.25500000000000006
2 0.930859375 0.73921875 0.011874999999999969 0.025832999999999995
2 0.9471484375 0.7574479166666667 0.030000000000000027 0.061666999999999916
2 0.972265625 0.8252079999999999 0.05249999999999999 0.34583400000000014
