2 0.0126953125 0.2311418619676946 0.026875 0.06954899999999999
2 0.038203125 0.3274140146842878 0.06687499999999999 0.20582700000000004
2 0.093828125 0.2261491483113069 0.06749999999999999 0.07706800000000004
2 0.141171875 0.37658186784140973 0.09125 0.150376
2 0.130703125 0.2693231497797357 0.06812499999999999 0.09774400000000003
2 0.1978125 0.24946715271659325 0.04749999999999999 0.140038
2 0.255625 0.3311730146842878 0.0625 0.20582799999999996
2 0.2890625 0.20893743465491924 0.046875 0.08740599999999998
2 0.3162109375 0.17357714684287812 0.04562499999999997 0.057331
2 0.3538671875 0.47814158737151247 0.116875 0.22368500000000005
2 0.3464453125 0.3045654405286344 0.057499999999999996 0.16917300000000002
2 0.3642578125 0.25998086930983844 0.073125 0.17105300000000004
2 0.3849609375 0.1630622907488987 0.044999999999999984 0.071428
2 0.5455859375 0.3278255859030837 0.07687500000000003 0.20394700000000002
2 0.5493359375 0.21933543318649049 0.04625000000000001 0.06578999999999997
2 0.5568359375 0.14238415124816445 0.0462499999999999 0.119361
2 0.62171875 0.2529924375917768 0.055625000000000036 0.126879
2 0.7655859375 0.6599341820851689 0.2956249999999999 0.5516919999999998
2 0.7164453125 0.2716715800293686 0.057499999999999996 0.12312
2 0.721171875 0.16170958002936858 0.059374999999999956 0.12123999999999999
2 0.751953125 0.32882458443465495 0.06687500000000002 0.1832709999999999
2 0.8055859375 0.270966295154185 0.04625000000000001 0.13345900000000002
2 0.8033203125 0.0958628604992658 0.026874999999999982 0.047932999999999996
2 0.85390625 0.3535542980910426 0.07062500000000005 0.175752
2 0.846953125 0.09903443318649045 0.03562500000000002 0.06485
2 0.8839453125 0.45053843318649045 0.05812499999999998 0.06579000000000003
2 0.888046875 0.27725158149779733 0.05874999999999997 0.140977
2 0.905546875 0.10807972099853157 0.028125000000000067 0.09586499999999999
2 0.9377734375 0.11512929074889867 0.02937500000000004 0.071429
2 0.9597265625 0.13856629221732747 0.03375000000000006 0.093045
2 0.9743359375 0.2759611483113069 0.04625000000000001 0.07894699999999993
2 0.9851953125 0.140269436123348 0.026874999999999982 0.10620300000000003
