0 0.1629296875 0.6356035255474453 0.194375 0.3118580000000001
0 0.3334765625 0.6510173576642335 0.15875 0.33333300000000016
0 0.451953125 0.6694175839416058 0.25499999999999995 0.3884220000000001
0 0.679296875 0.5973215255474453 0.18437499999999996 0.309991
2 0.01953125 0.10957743065693432 0.04 0.13352
2 0.0263671875 0.19676855474452556 0.053125 0.15126000000000003
2 0.15203125 0.43188479562043797 0.25937499999999997 0.32679800000000003
2 0.0732421875 0.18632682481751825 0.084375 0.165266
2 0.0684375 0.07795013868613139 0.04875 0.140056
2 0.096875 0.09141462043795621 0.031875 0.08963599999999998
2 0.1326953125 0.16400017518248175 0.08812500000000001 0.237161
2 0.2403515625 0.051094890510948905 0.284375 0.104575
2 0.139375 0.06569343065693431 0.0625 0.131653
2 0.191171875 0.15126863503649635 0.09 0.21008399999999997
2 0.2191796875 0.14444419708029196 0.07 0.21755299999999997
2 0.2455859375 0.13239457664233578 0.046249999999999986 0.12885099999999997
2 0.304296875 0.4705229197080292 0.15375000000000003 0.34267
2 0.4399609375 0.4627791459854015 0.295625 0.3977589999999999
2 0.339921875 0.20165930656934303 0.058750000000000024 0.116713
2 0.3666796875 0.13831534306569343 0.09999999999999998 0.21475299999999997
2 0.399765625 0.15038665693430656 0.05249999999999999 0.189543
2 0.4680078125 0.31358559854014595 0.16749999999999998 0.109243
2 0.4283203125 0.09451972262773722 0.057499999999999996 0.12698399999999999
2 0.440859375 0.04671532846715328 0.075625 0.09523800000000002
2 0.466328125 0.14600709489051095 0.06687500000000002 0.18020599999999998
2 0.4813671875 0.052554744525547446 0.05375000000000002 0.10644300000000002
2 0.5039843749999999 0.2000954087591241 0.07437500000000002 0.15312800000000004
2 0.5330859375 0.12174575912408758 0.07687500000000003 0.225957
2 0.538203125 0.051094890510948905 0.06812499999999999 0.102708
2 0.5779296875 0.12524334306569343 0.06875000000000009 0.214753
2 0.66953125 0.4601332116788321 0.22687499999999994 0.3370680000000001
2 0.6249609375 0.13057859854014597 0.04625000000000001 0.10831000000000003
2 0.635703125 0.07000630656934306 0.06687500000000002 0.116713
2 0.6408203125 0.16507357664233577 0.05687500000000001 0.130719
2 0.6791796875 0.0760831386861314 0.06874999999999998 0.139122
2 0.693046875 0.15970899270072994 0.05937500000000007 0.14192300000000002
2 0.69625 0.030656934306569343 0.03312499999999996 0.062558
2 0.74625 0.1380632627737226 0.06437500000000007 0.156863
2 0.8057421875 0.11607707299270073 0.08499999999999996 0.198879
2 0.8565625 0.1642436204379562 0.07999999999999996 0.08963600000000002
2 0.8365234375 0.08486395620437956 0.02937499999999993 0.04201700000000002
2 0.859609375 0.05880130656934306 0.043749999999999956 0.114846
2 0.8944921875 0.11094890510948906 0.08437499999999998 0.22315600000000002
2 0.9403125 0.11519509489051095 0.078125 0.18020499999999998
2 0.9603125 0.06861313868613139 0.078125 0.139122
2 0.981875 0.1319864306569343 0.03312499999999996 0.132587
