0 0.501328125 0.7680041313868614 0.22375 0.27824499999999974
2 0.868203125 0.40159864963503644 0.06812499999999999 0.3295989999999999
2 0.2075390625 0.5011424963503649 0.080625 0.471522
2 0.3171875 0.4557986423357664 0.14125 0.46872100000000005
2 0.5450781250000001 0.7107293649635037 0.19312499999999994 0.193277
2 0.752265625 0.47259700729927 0.14625 0.262372
2 0.6945703125 0.31124376642335766 0.02562500000000001 0.08496699999999999
2 0.71609375 0.404458700729927 0.05625000000000002 0.14752600000000007
2 0.7161328125 0.3379803065693431 0.0412499999999999 0.11484600000000005
2 0.7449609375 0.30277308029197086 0.015000000000000013 0.05882399999999993
2 0.7933203125 0.2558072773722628 0.057499999999999996 0.275443
2 0.8163671875 0.35145945255474453 0.021874999999999978 0.11297899999999995
2 0.9143359375 0.3727793868613139 0.04500000000000004 0.17366900000000005
2 0.938515625 0.3621532627737226 0.020625000000000004 0.15686200000000003
2 0.9584375 0.37179436496350365 0.04749999999999999 0.193277
2 0.9786328125 0.4132178248175183 0.04125000000000001 0.164332
2 0.9942578125 0.3099389781021898 0.010000000000000009 0.021474999999999998
