2 0.5163408125 0.5204739651741294 0.166667 0.557284
2 0.201171875 0.49917081260364843 0.404167 0.9985860000000001
2 0.499713875 0.49917081260364843 0.9975 0.9985860000000001
2 0.315 0.8324709800995025 0.12583299999999997 0.31966100000000003
2 0.3471484375 0.2535741210613599 0.02999999999999997 0.06506399999999998
2 0.46696581249999997 0.8449083565505804 0.07416700000000004 0.295615
2 0.463723625 0.3245413648424544 0.05166700000000002 0.16407400000000005
2 0.51296875 0.8911429867330015 0.08666700000000005 0.2135790000000001
2 0.602682625 0.3188351160862355 0.08250000000000002 0.14568600000000004
2 0.63796875 0.752581104477612 0.08666700000000005 0.330976
2 0.698203125 0.2992764908789386 0.06666699999999992 0.14710100000000004
2 0.7069921875 0.8113534776119402 0.08416699999999999 0.3606790000000001
2 0.86088575 0.49917081260364843 0.275 0.9985860000000001
