0 0.2204296875 0.6458850833333334 0.35062499999999996 0.5675
2 0.2722265625 0.5335413333333333 0.34750000000000003 0.26166700000000004
2 0.210625 0.21296875 0.03125 0.08749999999999998
2 0.24546875 0.3479163333333333 0.05562499999999998 0.230834
2 0.2722265625 0.21354166666666666 0.03500000000000003 0.053333
2 0.2690625 0.20406216666666666 0.01687500000000003 0.038334000000000014
2 0.3217578125 0.3159899166666667 0.011249999999999982 0.030833
2 0.3399609375 0.3092705 0.014374999999999971 0.04833400000000002
2 0.4017578125 0.3094788333333333 0.011250000000000038 0.058334
2 0.4556640625 0.3448961666666666 0.049375 0.1616660000000001
2 0.4405078125 0.3674479166666667 0.011250000000000038 0.05999999999999998
2 0.4783984375 0.3786461666666667 0.029374999999999984 0.10000000000000002
2 0.4922265625 0.32369825 0.03437499999999999 0.16499999999999995
2 0.6578125 0.32421875 0.04749999999999999 0.15000000000000005
2 0.7081640625 0.4305729166666667 0.14312500000000006 0.21750000000000003
2 0.656953125 0.2864583333333333 0.036250000000000004 0.07416699999999998
2 0.7343359375 0.4475520833333333 0.07750000000000001 0.31666700000000003
2 0.7992578125 0.5227080000000001 0.0724999999999999 0.09500000000000004
