2 0.038203125 0.9304690833333332 0.06749999999999999 0.13000000000000003
2 0.0997265625 0.9162496666666667 0.065 0.14666699999999988
2 0.4423046875 0.8728121666666667 0.7250000000000001 0.09999999999999994
2 0.1084375 0.9666149166666668 0.0475 0.05999999999999991
2 0.170390625 0.9365628333333333 0.05250000000000002 0.11999999999999995
2 0.225703125 0.9372916666666667 0.0675 0.11666699999999992
2 0.329140625 0.9372916666666667 0.11499999999999999 0.11666699999999992
2 0.391796875 0.9365628333333333 0.06 0.11999999999999995
2 0.49296875 0.9413545 0.08749999999999997 0.11000000000000003
2 0.6218359375 0.9428121666666667 0.14 0.10000000000000009
2 0.666015625 0.9721354166666666 0.08250000000000002 0.04666700000000009
2 0.754609375 0.9645829999999999 0.07499999999999996 0.06333400000000007
2 0.8261328125 0.9577604166666668 0.07250000000000001 0.07666699999999989
2 0.943515625 0.9625520833333333 0.08250000000000002 0.06666699999999996
