0 0.3466796875 0.8120833333333334 0.31875 0.3566669999999999
2 0.3601171875 0.7060416666666667 0.24062500000000003 0.553333
2 0.007734375 0.25255175 0.011875 0.02416700000000001
2 0.0615625 0.2932809166666666 0.015625000000000007 0.06000000000000002
2 0.183515625 0.16630241666666667 0.020625000000000004 0.045000000000000005
2 0.2746875 0.2810416666666667 0.015625 0.053332999999999964
2 0.2962890625 0.2772395833333334 0.018125000000000002 0.051666999999999984
2 0.311484375 0.2784375 0.011875000000000024 0.049166999999999995
2 0.5863671875 0.5892190833333334 0.36562500000000003 0.8175
2 0.8811328125 0.41411491666666667 0.07374999999999998 0.061666
2 0.8669140625 0.2710416666666667 0.018124999999999947 0.05333300000000004
2 0.9614453125 0.3982288333333333 0.026874999999999982 0.11999999999999995
