3 0.0269921875 0.5758850833333332 0.053125 0.0666670000000001
3 0.0416015625 0.5279170000000001 0.06625 0.06500000000000002
3 0.1212109375 0.52213575 0.046249999999999986 0.08666599999999998
3 0.1507421875 0.5069274166666666 0.08562499999999999 0.07583300000000011
3 0.16875 0.500417 0.06437499999999999 0.06333300000000001
3 0.238046875 0.5013541666666667 0.09000000000000002 0.06999999999999991
3 0.2487890625 0.5031767500000001 0.08124999999999999 0.05666699999999995
3 0.336328125 0.5041149166666666 0.09812500000000002 0.06000000000000005
3 0.3501171875 0.51375 0.08500000000000002 0.06250000000000007
3 0.3990234375 0.5009374999999999 0.029374999999999984 0.048333000000000036
3 0.448359375 0.5031767500000001 0.07500000000000001 0.055000000000000014
3 0.4980859375 0.49484375 0.04562499999999997 0.05666700000000002
3 0.5142578125 0.5050520833333333 0.04125000000000001 0.06750000000000005
3 0.508671875 0.5635416666666666 0.028750000000000053 0.054167000000000076
3 0.5279296875 0.5169274166666668 0.03749999999999998 0.07749999999999997
3 0.6217578125 0.53682325 0.0737500000000001 0.070833
3 0.6842578125 0.6179163333333334 0.135625 0.10499999999999998
3 0.6489453125 0.5284378333333334 0.05812499999999998 0.08999999999999993
3 0.7091796875 0.61765625 0.13187499999999996 0.07083299999999992
3 0.7010546875 0.5390625 0.06874999999999998 0.07916699999999999
3 0.7425 0.5416666666666666 0.09562499999999996 0.08416700000000003
3 0.86046875 0.609167 0.21187500000000004 0.125833
3 0.8920703125 0.6786458333333334 0.21375 0.18249999999999997
3 0.8736328125 0.5855205 0.10499999999999998 0.10999999999999995
3 0.909765625 0.5714586666666667 0.11375000000000002 0.11666599999999994
3 0.9569921875 0.5970309166666666 0.08437499999999998 0.12249999999999998
