0 0.1937109375 0.7640313489736069 0.35812499999999997 0.43996300000000005
0 0.7676953125 0.6398486950146627 0.213125 0.4230769999999999
0 0.9443359375 0.4802533401759531 0.10875000000000001 0.06848000000000004
2 0.9433984375 0.39849095014662755 0.09187500000000004 0.223265
2 0.0078125 0.3685662697947214 0.016875 0.08818000000000002
2 0.181640625 0.5842217360703812 0.364375 0.8283300000000002
2 0.0651171875 0.3424094105571847 0.023125 0.049719000000000034
2 0.1783203125 0.3446961348973607 0.02562500000000001 0.045966000000000014
2 0.219453125 0.4024716422287391 0.06749999999999998 0.18855599999999995
2 0.28671875 0.36457716715542526 0.05499999999999999 0.07692299999999996
2 0.3465625 0.36832916715542524 0.048750000000000016 0.07880000000000001
2 0.374296875 0.3926735073313783 0.058750000000000024 0.14446499999999998
2 0.425703125 0.3648935718475073 0.0675 0.20825500000000005
2 0.4696875 0.41323961583577706 0.048750000000000016 0.07129400000000005
2 0.464921875 0.37003254545454545 0.02812500000000001 0.09193200000000007
2 0.54671875 0.35925716129032254 0.05499999999999994 0.16135000000000002
2 0.6446484375 0.4112618856304986 0.12437500000000001 0.15947399999999995
2 0.7753125 0.5339884780058651 0.17312500000000008 0.5694179999999999
2 0.82046875 0.3213785073313783 0.055625000000000036 0.14446500000000007
2 0.9912109375 0.370378788856305 0.015000000000000013 0.06379000000000001
