2 0.17671875 0.7403231764705881 0.056249999999999994 0.10828699999999998
2 0.283671875 0.679572294117647 0.09 0.1770250000000001
2 0.35609375 0.4414061764705883 0.08750000000000002 0.15630899999999995
2 0.354140625 0.7931703529411765 0.05249999999999999 0.11205299999999989
2 0.3933984375 0.6706964705882352 0.06062500000000004 0.13276800000000016
2 0.3996875 0.7894043529411764 0.048750000000000016 0.11393599999999997
2 0.457890625 0.47959976470588234 0.05249999999999999 0.16007599999999997
2 0.467109375 0.7770461764705882 0.044375 0.10640300000000008
2 0.5079296875 0.6648025294117647 0.06874999999999998 0.16854999999999998
2 0.553828125 0.502018705882353 0.06812499999999999 0.17608299999999993
2 0.6291796875 0.48942917647058826 0.06937500000000008 0.15819199999999992
2 0.6296484375 0.6885758823529412 0.06125000000000003 0.18173299999999992
2 0.71875 0.48960923529411765 0.06374999999999997 0.14312600000000006
2 0.7628125 0.6919827647058823 0.10999999999999999 0.20998100000000008
2 0.830703125 0.45170029411764706 0.06812499999999999 0.17890800000000007
2 0.9313671875 0.7305364705882353 0.05312499999999998 0.183616
2 0.9519921875 0.4554672941176471 0.053749999999999964 0.17702400000000013
