2 0.789296875 0.64151075 0.12249999999999994 0.5558330000000001
2 0.017578125 0.4497399166666667 0.036875 0.21666599999999994
2 0.0452734375 0.445417 0.029375 0.19000000000000003
2 0.068515625 0.4534378333333333 0.051875000000000004 0.21500000000000008
2 0.15765625 0.49677083333333333 0.103125 0.33916700000000005
2 0.19046875 0.3653121666666666 0.02375000000000002 0.10000000000000002
2 0.235390625 0.44416666666666665 0.05187500000000003 0.21000000000000005
2 0.3830859375 0.5232291666666667 0.26375000000000004 0.411667
2 0.30515625 0.5090100833333333 0.10312499999999997 0.3474999999999999
2 0.357265625 0.4628128333333334 0.05125000000000002 0.18249999999999988
2 0.4094140625 0.5061979166666667 0.111875 0.37250000000000005
2 0.560078125 0.45557291666666666 0.06812499999999999 0.21749999999999994
2 0.64515625 0.5128121666666666 0.22812500000000002 0.349167
2 0.5699609375 0.4572913333333333 0.04625000000000001 0.19916699999999996
2 0.6524609375 0.5141666666666667 0.10875000000000001 0.3358329999999999
2 0.6261328125 0.4072399166666667 0.04125000000000001 0.09249999999999996
2 0.6955078125 0.4632295 0.04249999999999998 0.2033329999999999
2 0.7283984375 0.5064059166666667 0.06125000000000003 0.3425
2 0.9273046875 0.13234341666666669 0.03750000000000009 0.13999999999999999
2 0.9510546875 0.4522913333333333 0.06937499999999996 0.20000000000000004
2 0.9840234375 0.4577086666666667 0.030000000000000027 0.17916599999999994
