2 0.980390625 0.3624482500000001 0.020625000000000004 0.10166599999999999
3 0.0078125 0.8407295 0.0175 0.079166
3 0.0712890625 0.7645833333333334 0.144375 0.355
3 0.11328125 0.6740628333333333 0.226875 0.370833
3 0.14375 0.5899475833333333 0.281875 0.52
3 0.2113671875 0.5871871666666667 0.30375 0.44416700000000003
3 0.36890625 0.56776075 0.32125000000000004 0.3675
3 0.428046875 0.5798961666666668 0.371875 0.41166599999999987
3 0.5646093750000001 0.551667 0.325625 0.376666
3 0.5803515625 0.5482812499999999 0.28500000000000003 0.35333300000000006
3 0.6051171875 0.5066666666666667 0.24187500000000006 0.33583300000000005
3 0.736875 0.5099475833333332 0.3450000000000001 0.26833400000000013
3 0.6858203125 0.60723925 0.21437499999999998 0.13333400000000006
3 0.7620703125 0.5038538333333333 0.275625 0.27666699999999994
3 0.858125 0.47151041666666665 0.281875 0.26499999999999996
3 0.8455859375 0.4532815833333334 0.23250000000000004 0.26999999999999996
3 0.8440234375 0.46812499999999996 0.18562500000000004 0.28250000000000003
3 0.8825 0.44437533333333334 0.22062500000000007 0.261666
3 0.88859375 0.44140625 0.18125000000000002 0.26
