2 0.17796875 0.3590088823529412 0.056249999999999994 0.18173299999999995
2 0.2928125 0.34050588235294116 0.017500000000000016 0.031073999999999977
2 0.31578125 0.3525039411764706 0.03999999999999998 0.066855
2 0.32484375 0.3344434705882353 0.024375000000000036 0.03483999999999997
2 0.3751171875 0.364035294117647 0.023125000000000007 0.077213
2 0.4185546875 0.4266142352941177 0.03874999999999995 0.24387999999999996
2 0.4614453125 0.3999751764705882 0.02562500000000001 0.15819200000000008
2 0.48734375 0.3982722352941177 0.02437499999999998 0.14124299999999998
2 0.534296875 0.42856111764705884 0.059374999999999956 0.22316399999999992
2 0.5696875 0.44914935294117647 0.04874999999999996 0.26177100000000003
2 0.6075390625 0.34067535294117646 0.01937500000000003 0.06403000000000005
2 0.6528515625 0.40861864705882356 0.06625000000000003 0.18832399999999994
2 0.695546875 0.3363691764705882 0.028124999999999956 0.108286
2 0.7427734375 0.373452294117647 0.02937499999999993 0.07721199999999998
2 0.7795703125 0.36614005882352946 0.057499999999999996 0.13747699999999993
2 0.8016796875 0.3224765294117647 0.03750000000000009 0.11770299999999995
2 0.840703125 0.3438905882352941 0.03687499999999999 0.154426
