0 0.2121875 0.6548260791788856 0.173125 0.35399100000000006
0 0.7890234375 0.81198073313783 0.374375 0.37183100000000013
2 0.3252734375 0.41603678299120234 0.06062500000000004 0.149296
2 0.1114453125 0.4153288856304985 0.05812499999999998 0.15962500000000004
2 0.153203125 0.40050009677419357 0.036250000000000004 0.09765199999999993
2 0.2431640625 0.399944642228739 0.14437499999999998 0.18967200000000004
2 0.4839453125 0.44186557771261 0.12000000000000005 0.12394300000000003
2 0.4593359375 0.37427316715542525 0.044999999999999984 0.07887299999999998
2 0.5576953125 0.41140685337243404 0.08875 0.12675999999999996
2 0.621875 0.40136043695014667 0.09500000000000008 0.16525799999999993
2 0.783671875 0.6232535689149561 0.30999999999999994 0.7511740000000001
2 0.9786328125 0.44488550146627565 0.04125000000000001 0.22910800000000003
