0 0.513125 0.6611684612005856 0.22000000000000003 0.35426499999999994
2 0.01953125 0.3237990922401171 0.039375 0.07310199999999999
2 0.105 0.35408270571010253 0.0325 0.061855999999999994
2 0.3068359375 0.3648547979502196 0.044999999999999984 0.13214599999999996
2 0.499765625 0.5614579341142021 0.239375 0.5238989999999999
2 0.5826953125 0.3704777979502197 0.05812500000000009 0.13402099999999995
2 0.631328125 0.4374868286969253 0.06687500000000002 0.15744999999999992
2 0.75125 0.42759557686676425 0.03312500000000007 0.05998099999999998
2 0.8360546875 0.44060031918008785 0.038124999999999964 0.05341999999999992
2 0.89421875 0.4592881595900439 0.024375000000000036 0.027179000000000033
2 0.94078125 0.45577267496339685 0.03937499999999994 0.03842499999999994
