2 0.5771531875 0.24259418226600984 0.085816 0.14543300000000003
2 0.0068359375 0.3098214285714286 0.015494999999999998 0.058893999999999974
2 0.025390625 0.6976088719211823 0.051251 0.0625
2 0.03125 0.9330677635467981 0.06317 0.051683000000000034
2 0.0712890625 0.07672918226600986 0.143027 0.145432
2 0.028966625 0.9029210935960591 0.052443000000000004 0.0649039999999999
2 0.026136562500000002 0.3900155418719212 0.034565 0.05047999999999992
2 0.0305733125 0.2331152068965517 0.026222 0.056489999999999985
2 0.1034093125 0.5736145320197045 0.057211 0.08533700000000005
2 0.10427106250000001 0.9306637635467979 0.048867999999999995 0.051683000000000034
2 0.122465125 0.9259748719211823 0.035757000000000025 0.061297999999999936
2 0.1235413125 0.8929507684729064 0.026221999999999995 0.033653999999999906
2 0.1459870625 0.7839515320197045 0.04886800000000001 0.08653799999999995
2 0.247082625 0.9328126305418718 0.05244399999999999 0.1310100000000001
2 0.2777261875 0.633474315270936 0.022646999999999973 0.06610499999999991
2 0.35596131249999996 0.4282403251231527 0.02622100000000005 0.030048000000000047
2 0.3775149375 0.5436243251231527 0.01430300000000001 0.030048000000000047
2 0.42113 0.7547322906403942 0.09415999999999997 0.15384599999999987
2 0.409050625 0.5536728817733989 0.020262000000000002 0.02644300000000013
2 0.409050625 0.5820863251231527 0.020262000000000002 0.030047999999999936
2 0.41348737500000005 0.6186959901477833 0.011918999999999957 0.036056999999999985
2 0.43830193749999996 0.5854755467980296 0.01430300000000001 0.032450999999999904
2 0.45575006249999994 0.6180456551724137 0.017878000000000116 0.042066999999999966
2 0.47753431250000006 0.37775932512315274 0.026221999999999912 0.03004799999999999
2 0.528370625 0.917976512315271 0.051251000000000047 0.15745199999999984
2 0.5874189375 0.7979000985221674 0.04648400000000008 0.045672999999999936
2 0.600083875 0.7245626600985221 0.02741399999999994 0.024039000000000112
2 0.6254745 0.9289908522167487 0.07866499999999998 0.132211
2 0.6304275625 0.4553725369458128 0.03456499999999996 0.06851000000000004
2 0.70804575 0.4352754236453202 0.08700899999999989 0.07572099999999998
2 0.7028023125 0.7898015467980295 0.026221999999999968 0.03245199999999995
2 0.730462125 0.47460353694581286 0.06674600000000008 0.06730699999999987
2 0.7709158749999999 0.41864728571428567 0.12276600000000015 0.17307700000000012
2 0.7940478125 0.4795092068965517 0.042907999999999946 0.05649000000000001
2 0.7808068125 0.6180252167487684 0.010727000000000042 0.020433000000000034
2 0.810388375 0.5651402167487685 0.011918999999999902 0.020433000000000034
2 0.8627469375000001 0.6124114187192118 0.04648399999999997 0.09375
2 0.941026625 0.5895370640394089 0.11442200000000002 0.16947099999999998
