0 0.2573046875 0.7559204581497797 0.225625 0.41541400000000017
0 0.269140625 0.6074922936857562 0.08249999999999999 0.11372200000000009
0 0.4965625 0.5375895814977973 0.078125 0.142857
0 0.5615234375 0.5824667268722467 0.12437500000000001 0.17669200000000007
0 0.5240625 0.38539585903083706 0.01749999999999996 0.027255999999999975
0 0.534921875 0.39273800293685757 0.028124999999999956 0.04229399999999991
0 0.581171875 0.394794859030837 0.028124999999999956 0.029135
0 0.6225390625 0.3939727165932452 0.018749999999999933 0.03477399999999996
0 0.631015625 0.3969095741556534 0.020625000000000004 0.038533
0 0.662734375 0.49341872099853157 0.07437499999999997 0.09586400000000002
0 0.7608984375 0.8154274508076359 0.21750000000000003 0.3120300000000001
0 0.7096875 0.5579728678414096 0.07937499999999997 0.152255
2 0.4990234375 0.6092956211453745 0.999375 0.6973689999999999
2 0.549609375 0.20523743318649046 0.29375 0.06673
