2 0.15816406249999998 0.10496124597364567 0.08187500000000002 0.188555
2 0.3298046875 0.21961932650073207 0.38125 0.44090100000000004
2 0.207890625 0.3590507672035139 0.114375 0.10975599999999995
2 0.2887890625 0.7045903191800879 0.04999999999999999 0.05347099999999999
2 0.2923828125 0.6803846749633968 0.04125000000000001 0.040337999999999936
2 0.318671875 0.7379062884333821 0.028749999999999998 0.03095600000000015
2 0.3341796875 0.7402383191800879 0.03812500000000002 0.05534700000000003
2 0.3540625 0.7431665768667642 0.048750000000000016 0.05909899999999993
2 0.3776171875 0.6737034172767202 0.05375000000000002 0.033772000000000024
2 0.48109375 0.7487945768667643 0.05625000000000002 0.06097599999999994
2 0.474375 0.7868005461200586 0.03125 0.03658500000000006
2 0.77875 0.46233680380673503 0.12687499999999996 0.04221399999999989
