0 0.189375 0.7623098695652174 0.12562500000000001 0.23915500000000017
0 0.2834375 0.7082286521739131 0.11125000000000002 0.260289
0 0.3690625 0.6388388695652174 0.109375 0.23915499999999995
0 0.4739453125 0.5800882173913043 0.12000000000000005 0.219132
0 0.57359375 0.5511672173913044 0.11875000000000002 0.2213569999999999
0 0.6317578125 0.5031328695652174 0.10375000000000001 0.23915499999999995
0 0.781484375 0.4931839565217392 0.10624999999999996 0.21245800000000012
0 0.8293359375 0.4213668260869565 0.04625000000000001 0.20912099999999995
2 0.0787890625 0.6776549565217392 0.111875 0.535039
2 0.1926171875 0.6163274347826088 0.14749999999999996 0.2803109999999999
2 0.27816406250000003 0.5340926086956522 0.144375 0.31257
2 0.346328125 0.5077412173913043 0.09875 0.29922100000000007
2 0.387734375 0.3819220434782609 0.13687499999999997 0.3492769999999999
2 0.4723828125 0.4106045217391304 0.10499999999999998 0.256953
2 0.55703125 0.4033664782608696 0.10250000000000004 0.22803099999999996
2 0.57859375 0.22866539130434782 0.05625000000000002 0.25250300000000003
2 0.640078125 0.39620660869565216 0.0981249999999999 0.23025600000000004
2 0.7915625 0.37264426086956526 0.11062500000000008 0.24805299999999994
2 0.7837890625 0.24144934782608693 0.08062499999999995 0.223581
2 0.935390625 0.25090256521739135 0.08374999999999999 0.444939
