2 0.037109375 0.5208338333333333 0.075195 0.30859300000000006
2 0.11328075 0.36718725 0.023438 0.039062999999999924
2 0.2197264375 0.5091145 0.06054699999999999 0.268229
2 0.24609324999999999 0.49739633333333333 0.039063000000000014 0.26302
2 0.27929662499999997 0.5950524166666668 0.083008 0.10807299999999993
2 0.2656245625 0.36718791666666667 0.034180000000000044 0.06119800000000001
2 0.34667925 0.5898438333333332 0.07128899999999999 0.1210940000000001
2 0.41894499999999996 0.5911461666666668 0.09375 0.101562
2 0.46093725 0.6041668333333333 0.03906299999999996 0.08984400000000003
2 0.5302739375000001 0.5065105833333333 0.07714799999999994 0.30208300000000005
2 0.5908208125 0.49349 0.07421800000000012 0.3125
2 0.6660153125 0.486979 0.05761700000000003 0.315104
2 0.723632875 0.496094 0.12109400000000003 0.315104
2 0.7880861874999999 0.50260425 0.08593700000000004 0.290365
2 0.815429875 0.4947920833333333 0.05957000000000012 0.28645799999999993
2 0.8867185625 0.4934893333333334 0.12792999999999988 0.324219
