0 0.24609375 0.808123878477306 0.49375 0.38367700000000005
0 0.7206640625 0.8780325651537335 0.11187499999999995 0.24108800000000014
2 0.0498046875 0.4244987554904832 0.1 0.2926829999999999
2 0.190078125 0.46809806881405563 0.22375 0.43433399999999994
2 0.118203125 0.3708079575402635 0.06749999999999999 0.15947399999999998
2 0.14671875 0.3494163133235724 0.05625000000000001 0.14446500000000007
2 0.4119140625 0.5664768799414348 0.581875 0.863039
2 0.47125 0.44463656515373357 0.12562500000000004 0.24202599999999994
2 0.584453125 0.5224197496339678 0.19187500000000002 0.38086299999999995
2 0.777890625 0.4758228667642753 0.3962500000000001 0.567542
