2 0.48453125 0.5265628333333333 0.070625 0.12166599999999998
2 0.0771484375 0.5716666666666667 0.155 0.20999999999999988
2 0.0264453125 0.35458366666666663 0.025625000000000002 0.022500000000000037
2 0.0459375 0.35385383333333337 0.016875 0.02749999999999993
2 0.06140625 0.35588574999999995 0.009375000000000001 0.025832999999999995
2 0.07984375 0.35421875 0.024374999999999994 0.025832999999999922
2 0.3661328125 0.502708 0.07250000000000001 0.09500000000000004
2 0.404765625 0.4995833333333333 0.05124999999999996 0.10666699999999991
2 0.5659375 0.5561458333333333 0.11062499999999997 0.18416700000000005
2 0.5603125 0.4973440833333333 0.04874999999999996 0.09666600000000007
2 0.6798046875 0.49223991666666667 0.19499999999999995 0.21833300000000003
2 0.7246484375 0.5219270833333334 0.06187500000000001 0.16
2 0.847734375 0.39901041666666665 0.012499999999999956 0.014999999999999977
