0 0.1784765625 0.7174828879056047 0.15875 0.325779
2 0.1261328125 0.5310991504424778 0.10375000000000001 0.354107
2 0.15925781249999998 0.6941721091445429 0.135 0.31728
2 0.1753515625 0.4660220265486726 0.06562499999999999 0.2398490000000001
2 0.2374609375 0.49946974041297937 0.076875 0.33333299999999993
2 0.2738671875 0.6424072979351032 0.08437499999999998 0.3484420000000001
2 0.30359375 0.4351746076696166 0.05562499999999998 0.13597699999999996
2 0.3303515625 0.3971607227138644 0.06562500000000004 0.17185999999999993
2 0.3475390625 0.6238728554572271 0.080625 0.36827200000000004
2 0.3755859375 0.4125034277286136 0.044999999999999984 0.18413599999999988
2 0.410859375 0.42743205899705017 0.07437499999999997 0.199244
2 0.4276171875 0.6322550029498526 0.08437499999999998 0.36071700000000007
2 0.4639453125 0.3427596401179941 0.057499999999999996 0.09537299999999999
2 0.477734375 0.42218013274336275 0.07437500000000002 0.19735599999999995
2 0.5121484375 0.6335495604719764 0.09187499999999998 0.3796039999999999
2 0.527265625 0.3794616076696166 0.05125000000000002 0.136921
2 0.525859375 0.36134841887905605 0.043749999999999956 0.103872
2 0.553515625 0.4094992389380531 0.083125 0.151086
2 0.593203125 0.6098257079646018 0.0987499999999999 0.37299299999999996
2 0.61140625 0.43007651032448374 0.07062499999999994 0.26062399999999997
2 0.659375 0.5706966342182891 0.09437499999999999 0.37488199999999994
2 0.68875 0.6941095929203539 0.125625 0.33711
2 0.6901171875 0.3903703539823009 0.08437500000000009 0.18602499999999997
2 0.7447265625 0.5551572005899704 0.09750000000000003 0.4740320000000001
