0 0.5995312500000001 0.6196043206442167 0.383125 0.5309560000000001
0 0.072265625 0.6048564919472913 0.145 0.37711100000000014
0 0.2397265625 0.7629297437774524 0.4725 0.471857
0 0.3692578125 0.5092762459736457 0.16749999999999998 0.18855599999999992
0 0.80328125 0.5680699150805271 0.25875000000000004 0.31707300000000005
2 0.0810546875 0.5038421054172767 0.163125 0.36772900000000003
2 0.169921875 0.7177346090775988 0.34125 0.5609760000000001
2 0.1651171875 0.06442166910688141 0.05374999999999999 0.131332
2 0.2199609375 0.07613469985358712 0.044999999999999984 0.154784
2 0.2907421875 0.07906295754026355 0.053749999999999964 0.160413
2 0.3660546875 0.40722682284040995 0.195 0.24859299999999998
2 0.3436328125 0.07759882869692533 0.04249999999999998 0.15666
2 0.536875 0.5445313821376281 0.313125 0.5769229999999999
2 0.4106640625 0.10688140556368961 0.050000000000000044 0.21575999999999995
2 0.4671875 0.10395314787701318 0.048750000000000016 0.20825500000000002
2 0.79890625 0.4612681112737921 0.22687499999999994 0.275797
2 0.8212890625 0.4051328111273792 0.14375000000000004 0.429643
2 0.8355859375 0.3622429824304539 0.10750000000000004 0.27298300000000003
2 0.9575390625 0.2731786456808199 0.08187500000000003 0.4943710000000001
