2 0.1859375 0.7130812207084468 0.11124999999999999 0.4760249999999999
2 0.0892578125 0.3082527629427793 0.009999999999999995 0.048823000000000005
2 0.1873828125 0.3248167629427793 0.010000000000000009 0.04795199999999995
2 0.290703125 0.4584947602179837 0.12937500000000002 0.299913
2 0.3767578125 0.15242081471389646 0.13624999999999998 0.23278100000000002
2 0.3710546875 0.1020710408719346 0.07 0.200523
2 0.38015625 0.15176031062670298 0.04062500000000002 0.11246799999999997
2 0.3705078125 0.0854965803814714 0.010000000000000009 0.026154999999999987
2 0.571953125 0.15258855585831063 0.0681250000000001 0.306888
2 0.8172265625 0.30019426702997276 0.03437499999999993 0.166521
