2 0.16794731064763996 0.0966796875 0.336613 0.195
2 0.24653154994511525 0.186328125 0.27688 0.3175
2 0.20184513172338092 0.0955859375 0.11524899999999993 0.14
2 0.3423823666300769 0.155078125 0.18622600000000009 0.25437499999999996
2 0.5623237189901208 0.6955859375 0.29023200000000005 0.6075
2 0.4836077607025247 0.083984375 0.06113900000000007 0.136875
2 0.5258601503841932 0.139921875 0.06535499999999989 0.15375
2 0.8093263194291987 0.17421875 0.07870599999999994 0.211875
2 0.8236886245883644 0.39046875 0.0765989999999999 0.14875000000000005
2 0.8723985400658617 0.370703125 0.06886799999999986 0.16062499999999996
2 0.8912792678375412 0.443359375 0.09978999999999998 0.19999999999999996
2 0.872444676180022 0.1019140625 0.05340799999999996 0.08062499999999999
2 0.9187736575192096 0.16421875 0.10330300000000008 0.211875
2 0.9512331833150384 0.299453125 0.09416699999999993 0.16062500000000002
2 0.95465979363337 0.498359375 0.08854499999999986 0.23062500000000002
2 0.980318117453348 0.1587890625 0.03654199999999987 0.11250000000000002
