2 0.2357421875 0.3534480804597701 0.08515599999999998 0.14482800000000004
2 0.61406275 0.4853449310344828 0.08671799999999996 0.20114900000000002
2 0.6365231875 0.47011502298850577 0.05390600000000001 0.18620699999999993
2 0.66718725 0.48304642528735625 0.07187500000000002 0.15402300000000005
2 0.6914064999999999 0.4758617701149425 0.04765600000000003 0.16091999999999998
2 0.841796375 0.7169545287356323 0.10625000000000007 0.4816089999999999
2 0.9054692499999999 0.48706872413793106 0.008593000000000073 0.04597699999999995
2 0.9156245000000001 0.4942527586206896 0.015625 0.068966
2 0.9259768125000001 0.4971261954022989 0.010936999999999863 0.06436800000000004
2 0.937109375 0.5043108505747127 0.012499999999999956 0.057471000000000015
