2 0.1308589375 0.8098961666666668 0.076172 0.28776
2 0.106445 0.7421875 0.032227000000000006 0.171875
2 0.188477 0.7552086666666668 0.063476 0.20963500000000002
2 0.22460975 0.8203121666666666 0.08691400000000005 0.2864590000000001
2 0.259766 0.8007814999999999 0.06445299999999998 0.2669269999999999
2 0.30566387500000003 0.7135414166666667 0.02734399999999998 0.07552100000000002
2 0.33691374999999996 0.8072913333333332 0.08691400000000005 0.2617190000000001
2 0.40429675000000004 0.803385 0.08593799999999996 0.2825520000000001
2 0.48046875 0.8138025 0.08593799999999996 0.2981770000000001
2 0.68066425 0.7617185833333334 0.04003900000000005 0.05078099999999989
2 0.745116875 0.75130175 0.02832099999999993 0.054687999999999924
2 0.7832033749999999 0.7513025 0.042969000000000035 0.049478999999999974
