0 0.30125 0.8173324379084967 0.15687500000000001 0.2426779999999999
2 0.137109375 0.729406797385621 0.075625 0.3012550000000001
2 0.2005859375 0.6373726993464053 0.044999999999999984 0.17573199999999992
2 0.279609375 0.7987206470588235 0.106875 0.1882840000000001
2 0.26625 0.6341400130718955 0.06312499999999999 0.09707100000000002
2 0.304921875 0.6357046666666667 0.028749999999999998 0.13389099999999995
2 0.386328125 0.7419587973856208 0.06687499999999996 0.30125500000000016
2 0.461015625 0.6283863921568629 0.05249999999999999 0.10209199999999989
2 0.51671875 0.6269698562091504 0.024375000000000036 0.13723799999999994
2 0.5712109375 0.6758607320261438 0.04625000000000001 0.21841000000000005
2 0.7207421875 0.6603275424836601 0.053750000000000075 0.2159
