2 0.2418359375 0.6425214743777453 0.10875000000000001 0.6491559999999998
2 0.2076171875 0.4066911903367496 0.023125000000000007 0.05065699999999998
2 0.3027734375 0.5439256515373353 0.06187499999999996 0.401501
2 0.3494921875 0.6214803206442167 0.11562499999999998 0.532833
2 0.3901171875 0.5742163265007321 0.053749999999999964 0.439962
2 0.4067578125 0.40083467496339675 0.010000000000000009 0.03846199999999999
2 0.4671875 0.6519985109809663 0.11125000000000007 0.5825520000000002
2 0.4348046875 0.3964605095168374 0.038124999999999964 0.10318899999999999
2 0.4365625 0.40527122108345537 0.016874999999999973 0.075047
2 0.5104296875000001 0.4173961229868228 0.07 0.09568500000000005
2 0.56671875 0.5990795783308931 0.08749999999999991 0.536586
2 0.62265625 0.4504306998535872 0.07187500000000002 0.153847
2 0.696015625 0.6248646090775988 0.11499999999999999 0.560975
2 0.766796875 0.4648886325036603 0.028124999999999956 0.197936
2 0.8158984375 0.6434163147877013 0.12437500000000001 0.6219509999999999
2 0.9002734375 0.467360859443631 0.12312500000000004 0.17917399999999997
2 0.9525 0.6459499224011713 0.09375 0.7045030000000001
