0 0.836171875 0.7420004643962849 0.21499999999999997 0.3845389999999998
2 0.0979296875 0.5321381145510835 0.10125 0.7224970000000002
2 0.5484765625 0.49437253560371514 0.8150000000000001 0.6174430000000001
2 0.2576171875 0.6426850061919505 0.179375 0.49950400000000006
2 0.3338671875 0.6357654024767802 0.08500000000000002 0.4003969999999998
2 0.416796875 0.652066613003096 0.08999999999999997 0.34786900000000015
2 0.4862890625 0.6079585139318885 0.11312499999999998 0.3736370000000001
2 0.595390625 0.6605039102167183 0.1150000000000001 0.273539
2 0.698125 0.6192853281733746 0.125625 0.420218
2 0.8215625 0.624741427244582 0.171875 0.3944499999999999
