2 0.237541875 0.2866122258064516 0.09068199999999998 0.22629100000000002
2 0.2578125 0.5665922170087976 0.5171979999999999 0.85446
2 0.5308068125000001 0.3122235073313783 0.10381500000000005 0.144601
2 0.6304792499999999 0.511487431085044 0.22826800000000003 0.24976599999999993
2 0.5837244375 0.4503534692082112 0.12320199999999992 0.19812200000000008
2 0.6672811249999999 0.7628313812316715 0.28580400000000006 0.4723000000000002
2 0.6510260625 0.32578023167155423 0.14384000000000008 0.142723
2 0.7644965 0.44137519354838717 0.14196399999999998 0.19624399999999995
2 0.8653377499999999 0.5417801231671555 0.15009400000000006 0.21502299999999985
2 0.9250241874999999 0.6228505982404692 0.14759300000000009 0.32676
2 0.9713331875 0.3338428093841642 0.05440900000000004 0.265728
