0 0.1255078125 0.7720164552129222 0.19749999999999998 0.375
2 0.0341796875 0.6618808781204112 0.06875 0.2951120000000001
2 0.1180078125 0.740710020558003 0.22875 0.28853399999999996
2 0.09609375 0.6543051585903084 0.05499999999999999 0.22180400000000014
2 0.1935546875 0.5723645814977973 0.03875000000000001 0.142857
2 0.218515625 0.6708694464023495 0.05250000000000002 0.2509390000000001
2 0.246171875 0.5895185756240823 0.027499999999999997 0.06109099999999995
2 0.31796875 0.6467850190895742 0.05499999999999999 0.267857
2 0.369921875 0.6605281674008812 0.05874999999999997 0.34492499999999976
2 0.419921875 0.6602367327459618 0.06 0.258459
2 0.4575 0.6619365976505139 0.0625 0.36842100000000005
2 0.68828125 0.6441395961820852 0.22812500000000002 0.346804
2 0.60734375 0.6550705814977973 0.05625000000000002 0.14285800000000007
2 0.6268359375 0.6293430088105727 0.04625000000000001 0.125
2 0.732421875 0.6457838810572687 0.09125000000000005 0.3374060000000001
2 0.781875 0.6511914449339207 0.0625 0.23120300000000005
2 0.86640625 0.6462554508076358 0.10249999999999992 0.31390899999999994
2 0.9407421875 0.5614404331864905 0.053749999999999964 0.06484999999999999
2 0.9624609375 0.523728436123348 0.04625000000000001 0.10808199999999998
