2 0.6475 0.6390396555183947 0.06437500000000007 0.399357
2 0.1709375 0.651285414715719 0.079375 0.39507500000000007
2 0.213828125 0.6739241906354515 0.03562499999999999 0.29764399999999996
2 0.566875 0.5009310869565217 0.531875 0.695931
2 0.7577734375 0.23163915050167228 0.02937499999999993 0.12740900000000002
2 0.79375 0.24655683612040136 0.03312500000000007 0.150964
2 0.811796875 0.21785363210702344 0.028750000000000053 0.13383299999999992
2 0.848046875 0.45935387290969903 0.028125000000000067 0.14025699999999994
2 0.8739453125 0.4850498729096991 0.02562500000000001 0.13811599999999996
2 0.8864453125 0.26054715050167226 0.026874999999999982 0.12955
2 0.8926171875 0.42521420735785953 0.023125000000000062 0.20021499999999998
2 0.9090625 0.437184856187291 0.04874999999999996 0.23661699999999988
