0 0.726015625 0.6293175900439238 0.2081249999999999 0.355534
0 0.19015625 0.6645162767203514 0.13312500000000002 0.21200799999999992
0 0.307265625 0.6751780497803807 0.11499999999999999 0.230769
0 0.42078125 0.6923175036603222 0.16562500000000002 0.19605999999999998
0 0.57359375 0.6530759209370425 0.15000000000000002 0.22701700000000002
0 0.93203125 0.7015141478770132 0.13375000000000004 0.210131
2 0.9344140625 0.5786087130307467 0.11249999999999993 0.450281
2 0.19671875 0.5796427496339678 0.15000000000000002 0.38273900000000005
2 0.3071484375 0.5740579092240117 0.12437499999999999 0.409006
2 0.4108203125 0.5707177803806736 0.15125 0.4052529999999999
2 0.49953125 0.5359291786237189 0.040000000000000036 0.23264500000000005
2 0.587265625 0.5398049399707174 0.145625 0.4324579999999999
2 0.72453125 0.5368065841874086 0.13375000000000004 0.4465289999999999
2 0.730390625 0.35281782284040997 0.11499999999999999 0.24859299999999995
