3 0.2199140625 0.2403560830860534 0.424 0.483283
3 0.342609375 0.31602373887240354 0.44999999999999996 0.632219
3 0.5415078125 0.5593381008902077 0.7919999999999999 0.8723400000000001
3 0.425890625 0.0830860534124629 0.176 0.167173
3 0.5216562499999999 0.06973293768545995 0.196 0.139818
3 0.63696875 0.037091988130563795 0.08600000000000008 0.075988
3 0.79175 0.06379821958456973 0.18800000000000006 0.12766
3 0.8465390625 0.10089020771513353 0.20599999999999996 0.20364699999999997
3 0.9355234375 0.032640949554896145 0.124 0.06686900000000001
3 0.981625 0.04896142433234421 0.03200000000000003 0.10030399999999999
