0 0.332921875 0.7095952857142858 0.59 0.5731339999999999
0 0.6627578125 0.7753406180758017 0.354 0.441791
2 0.0517578125 0.3688046647230321 0.104 0.7402989999999999
2 0.080078125 0.21137026239067055 0.162 0.42388100000000006
2 0.30289062499999997 0.5735217988338193 0.42600000000000005 0.8447759999999999
2 0.33728125 0.3206997084548105 0.228 0.641791
2 0.269578125 0.016034985422740525 0.035999999999999976 0.032836000000000004
2 0.4254375 0.05400540816326531 0.04799999999999999 0.10447800000000003
2 0.522828125 0.1647925801749271 0.09799999999999998 0.32537299999999997
2 0.75009375 0.5765763469387755 0.494 0.8388059999999998
2 0.6221796875 0.11419046064139941 0.07000000000000006 0.18805900000000006
2 0.7921015625 0.19533527696793002 0.41000000000000003 0.391045
2 0.6904140625 0.15549362390670554 0.04999999999999993 0.229851
2 0.7377109375 0.19013130612244897 0.10799999999999998 0.328358
2 0.79534375 0.13702623906705538 0.05599999999999994 0.274627
2 0.8552890625 0.1924198250728863 0.14400000000000002 0.385075
2 0.9570625 0.17548449854227405 0.07999999999999996 0.304477
