3 0.521015625 0.6891088535871157 0.08250000000000002 0.2720450000000001
3 0.0302734375 0.6097742210834554 0.061875 0.07504700000000004
3 0.1955078125 0.6233190922401172 0.07312500000000002 0.07317100000000001
3 0.4229296875 0.5940547364568082 0.07 0.08724200000000004
3 0.6151953125 0.548683963396779 0.026874999999999982 0.06941899999999986
3 0.6234375 0.5435379326500732 0.01750000000000007 0.04408999999999993
3 0.6394140625 0.5415918345534407 0.01937500000000003 0.0656659999999999
3 0.6809765625 0.6601680497803807 0.06624999999999992 0.23076900000000017
3 0.7240625 0.5307467057101025 0.016874999999999973 0.061914
3 0.7342578125 0.5271780614934115 0.010000000000000009 0.049719000000000006
3 0.78734375 0.5302906749633967 0.024375000000000036 0.04033800000000002
3 0.813359375 0.5951501537335286 0.043749999999999956 0.11726099999999993
