0 0.041015625 0.6612999092240116 0.083125 0.40900600000000015
0 0.3518359375 0.4838529956076134 0.265 0.569419
0 0.4625390625 0.8355381727672034 0.39312500000000006 0.3245780000000001
0 0.6303125 0.7693642650073207 0.17374999999999996 0.393996
0 0.7574609375 0.5989568169838946 0.17000000000000004 0.3367730000000001
0 0.8619921875 0.7719679707174232 0.27312500000000006 0.4540340000000001
2 0.029296875 0.3146562225475842 0.05875 0.552532
2 0.3501171875 0.1683748169838946 0.179375 0.33958699999999997
2 0.3996875 0.4212813879941435 0.171875 0.488743
2 0.565 0.4306623879941435 0.21937500000000004 0.48686700000000005
2 0.5931640625 0.191800878477306 0.20625000000000004 0.3855530000000001
2 0.84796875 0.3263769707174231 0.14874999999999994 0.45403400000000005
2 0.913984375 0.5795474992679356 0.16937500000000005 0.7617259999999999
