2 0.17265675 0.57994825 0.087499 0.29166600000000004
2 0.042578625 0.4109375 0.08281200000000001 0.297917
2 0.1103515625 0.497917 0.06562499999999999 0.252083
2 0.2685551875 0.5960934166666666 0.11718699999999999 0.20208400000000007
2 0.32070262499999996 0.18958333333333335 0.051563000000000025 0.10624999999999997
2 0.3759760625 0.19140658333333335 0.05000100000000002 0.1125
2 0.4462885625 0.7226565833333334 0.12812600000000002 0.23749999999999996
2 0.590234375 0.5570309166666666 0.20000000000000007 0.24999999999999992
2 0.74453125 0.5364583333333334 0.10156300000000007 0.32291700000000007
2 0.718358875 0.19609341666666666 0.028126000000000095 0.07708400000000003
2 0.7568364375 0.1578125 0.02968700000000002 0.07916700000000003
2 0.8248041875 0.5671871666666667 0.084376 0.3187500000000001
2 0.811327625 0.19661425 0.020313000000000025 0.10208400000000002
2 0.8876953125 0.6065104166666666 0.1515629999999999 0.264583
2 0.9015625 0.5460937499999999 0.11093700000000006 0.3687499999999999
