0 0.0841796875 0.7296871666666668 0.132812 0.16354199999999994
0 0.3078125 0.7539065833333334 0.046875 0.17708299999999996
0 0.7212893125 0.7182295 0.089843 0.171875
2 0.066016125 0.7114583333333334 0.129687 0.26041699999999995
2 0.0384768125 0.59192675 0.042186999999999995 0.14895900000000006
2 0.2876953125 0.5645836666666666 0.025781 0.08437500000000009
2 0.3134763125 0.5786458333333334 0.025780999999999943 0.08854199999999997
2 0.3353515625 0.62369825 0.06562500000000004 0.10416599999999991
2 0.363672125 0.7356774166666668 0.067969 0.20104100000000003
2 0.48496143750000004 0.6606770833333334 0.062498999999999916 0.1281249999999999
2 0.53125 0.6833329999999999 0.0625 0.18958400000000006
2 0.5845698125 0.6671875000000002 0.04140699999999997 0.14166700000000007
2 0.620703375 0.6697913333333334 0.07500000000000007 0.23020900000000002
2 0.6865231875000001 0.546875 0.021874999999999978 0.03125
2 0.8158205625 0.5619795 0.035155999999999965 0.11041600000000014
2 0.8509768125 0.6505205 0.07343699999999997 0.265625
2 0.8912111875000001 0.6197913333333332 0.05468699999999993 0.20000000000000004
2 0.9287109375 0.6296871666666667 0.04531299999999994 0.19270899999999994
2 0.9634760625000001 0.6171878333333334 0.0492189999999999 0.18437499999999987
