2 0.087265625 0.5466665555555555 0.020000000000000004 0.11222200000000004
2 0.10421875 0.5436802222222222 0.024375000000000008 0.10333400000000006
2 0.1258203125 0.610278 0.02562500000000001 0.12555499999999992
2 0.1987890625 0.5833337777777778 0.018125000000000002 0.05666599999999998
2 0.2151953125 0.5937504444444445 0.026874999999999982 0.07888799999999997
2 0.2408203125 0.5793746666666667 0.02687500000000001 0.05222300000000008
2 0.282421875 0.6797912222222222 0.09000000000000002 0.3511119999999999
2 0.262421875 0.5620833333333333 0.028124999999999983 0.10444399999999998
2 0.4021484375 0.5912495555555556 0.029374999999999984 0.17555599999999996
2 0.418046875 0.630278 0.06 0.12666599999999997
2 0.45078125 0.5993052222222222 0.07187499999999997 0.13444500000000006
2 0.4639453125 0.5385421111111112 0.026875000000000038 0.06666599999999996
2 0.50125 0.5789587777777778 0.03125 0.087777
2 0.5569921875 0.6466666666666667 0.053749999999999964 0.336667
2 0.5895703125 0.6146525555555556 0.05687500000000001 0.20666699999999988
2 0.658984375 0.629514 0.07437500000000008 0.282222
2 0.7286328125 0.5744445555555555 0.07250000000000001 0.11444400000000006
2 0.782265625 0.6888890000000001 0.083125 0.5011109999999999
2 0.8721484375 0.682083 0.061249999999999916 0.437778
2 0.922265625 0.6768746666666667 0.05249999999999999 0.427778
2 0.95703125 0.6706945555555556 0.040000000000000036 0.425555
