2 0.84546875 0.8052557315634219 0.05625000000000002 0.25117999999999996
2 0.3738671875 0.699106197640118 0.023125000000000007 0.11237100000000003
2 0.42984375 0.7014636076696166 0.05624999999999997 0.13786599999999996
2 0.4701953125 0.6999886814159292 0.02562500000000001 0.13314399999999985
2 0.4712109375 0.6213953362831859 0.015000000000000013 0.029272999999999872
2 0.482734375 0.6860665663716813 0.013124999999999998 0.0991500000000001
2 0.4884375 0.6462353775811209 0.015625 0.06610000000000003
2 0.5028125 0.6464690825958702 0.016249999999999987 0.07931999999999997
2 0.5153515625 0.6182117787610619 0.00374999999999992 0.010387000000000032
2 0.5248046875 0.6177977050147492 0.006249999999999978 0.012276000000000079
2 0.5344140625 0.628590598820059 0.018124999999999947 0.05854500000000009
2 0.5480859375 0.6645904513274337 0.015000000000000013 0.06232300000000002
2 0.556875 0.7204029439528024 0.03312499999999996 0.16241799999999995
2 0.5505859375 0.6330235575221239 0.015000000000000013 0.018885000000000016
2 0.5565625 0.6205681887905604 0.016875000000000084 0.03304999999999989
2 0.5841796875 0.7891310353982302 0.06937499999999996 0.31916999999999995
2 0.645703125 0.7383449439528024 0.03687499999999999 0.164306
2 0.6857421875 0.8101479203539822 0.08562499999999995 0.28423100000000007
2 0.7411328125 0.7574646489675515 0.041874999999999996 0.17563700000000007
