2 0.5012890624999999 0.5039897551622419 0.050624999999999976 0.13125599999999996
2 0.0244140625 0.574803575221239 0.05 0.1784699999999999
2 0.0943359375 0.40146864896755163 0.045625 0.17563700000000007
2 0.483828125 0.16677108259587023 0.03562499999999996 0.077432
2 0.527578125 0.1785161563421829 0.03687499999999999 0.07554300000000001
2 0.5839453125 0.18931723008849557 0.026874999999999982 0.07082099999999998
2 0.6251953125 0.20106230383480828 0.02562500000000001 0.067988
2 0.6810546875 0.2119802300884956 0.038125000000000075 0.07365400000000001
2 0.741875 0.21368886135693219 0.0318750000000001 0.08687399999999999
2 0.8790625 0.6150488377581121 0.04875000000000007 0.206798
2 0.9190625 0.27264793510324487 0.04874999999999996 0.084986
2 0.9702734375 0.2829180825958702 0.02937500000000004 0.07932000000000002
2 0.97890625 0.29507723008849557 0.040000000000000036 0.07176599999999998
