2 0.10933593750000001 0.8131055641025641 0.10749999999999998 0.1692910000000001
2 0.14156249999999998 0.7246371025641024 0.07812500000000001 0.12532900000000013
2 0.4094140625 0.7292571025641026 0.018125000000000002 0.04658800000000016
2 0.706640625 0.7761502307692308 0.05249999999999999 0.14238800000000013
2 0.711796875 0.741360717948718 0.05874999999999997 0.07677199999999991
2 0.8100390625 0.8039373333333333 0.11249999999999993 0.26706
2 0.781953125 0.7310220256410257 0.03562500000000002 0.053149000000000036
2 0.7814453125 0.7527635641025641 0.026249999999999996 0.08858299999999988
2 0.8990625 0.7757868461538461 0.07999999999999996 0.1725719999999999
2 0.9271484375 0.7151522307692307 0.02937500000000004 0.06168000000000003
3 0.7053125 0.8123537692307693 0.046875 0.09973800000000012
3 0.819296875 0.8727780512820512 0.12187499999999996 0.1843830000000001
3 0.7846484375 0.7930769230769231 0.030625000000000013 0.08727000000000001
3 0.898203125 0.849971358974359 0.09812500000000002 0.15944899999999984
