2 0.28640625 0.561030449487555 0.103125 0.534709
2 0.0703125 0.8026091361639823 0.14125 0.39118200000000014
2 0.09183593749999999 0.5733397071742312 0.14 0.5403380000000001
2 0.084296875 0.3609968653001464 0.02812500000000001 0.08911799999999999
2 0.19109375 0.316932803806735 0.02437499999999998 0.042213999999999974
2 0.697265625 0.562312008784773 0.45875 0.8639769999999998
2 0.634375 0.5455471976573939 0.21875 0.4380859999999999
2 0.595625 0.4858866266471449 0.06437500000000007 0.28986800000000007
3 0.48636718749999996 0.8707560805270864 0.5843750000000001 0.2542210000000001
3 0.62828125 0.79315803806735 0.47750000000000004 0.4108820000000001
3 0.5546484375 0.6664805959004393 0.18562499999999998 0.265479
