2 0.06539062500000001 0.48034699999999997 0.08249999999999999 0.15666700000000006
2 0.5683203125 0.6145830000000001 0.12062499999999998 0.5633339999999999
2 0.640859375 0.4168053333333333 0.04312499999999997 0.22999999999999998
2 0.6763671875 0.45034699999999994 0.08499999999999996 0.15777800000000008
2 0.700859375 0.3533335555555556 0.04375000000000007 0.1133329999999999
2 0.717421875 0.44611066666666666 0.028125000000000067 0.08666699999999998
2 0.781328125 0.3894442222222222 0.036250000000000004 0.1966670000000001
2 0.8135546875 0.3525692222222222 0.038124999999999964 0.10222200000000001
2 0.8182421875 0.4290277777777778 0.021874999999999978 0.12111099999999997
2 0.8573046875 0.4098608888888889 0.06999999999999995 0.21777799999999997
2 0.953671875 0.44798611111111103 0.09062500000000007 0.318889
3 0.5529296875 0.6968748888888888 0.32 0.3733330000000001
3 0.839765625 0.6727777777777777 0.270625 0.30555599999999994
