2 0.4557295 0.7732648125 0.07843099999999997 0.1356210000000001
2 0.4990234375 0.367749 0.998366 0.28268000000000004
2 0.4990234375 0.85368125 0.998366 0.28921600000000003
2 0.1964041875 0.590520375 0.334967 0.16830100000000003
2 0.0391968125 0.5306693124999999 0.009804 0.026144000000000056
2 0.047985875 0.629289 0.027777999999999997 0.06372599999999995
2 0.055517625 0.5254481875 0.019607 0.022876000000000007
2 0.0833138125 0.5675746875 0.009804000000000007 0.03758100000000009
2 0.150288625 0.562691875 0.02124200000000001 0.02777700000000005
2 0.1542140625 0.5407924375 0.01797399999999999 0.029412000000000105
2 0.2702270625 0.588120875 0.01797399999999999 0.05882300000000007
2 0.2940604375 0.642361 0.031046000000000018 0.06372600000000006
2 0.348000625 0.6361249375 0.021241999999999983 0.07679800000000003
2 0.35061118750000003 0.58325625 0.022875999999999952 0.04084999999999994
2 0.6829110625 0.5540684375 0.549019 0.09313699999999991
2 0.47873881250000005 0.5368861875 0.00980399999999998 0.022876000000000007
2 0.5176165 0.5368861875 0.01633999999999991 0.022876000000000007
2 0.5816798125 0.541449875 0.009804000000000035 0.02777800000000008
2 0.6192618125 0.543403 0.011437999999999948 0.03268000000000004
2 0.6862558125 0.5545026875 0.01143700000000003 0.037580999999999976
2 0.7770821874999999 0.6518075 0.02287600000000012 0.08006500000000005
2 0.78459475 0.6550946875 0.02450999999999992 0.07026100000000002
2 0.7842948125 0.5636684375 0.01143800000000006 0.03104499999999999
2 0.8101005 0.5568133125 0.016338999999999992 0.026143000000000027
2 0.8610726249999999 0.5747489375 0.01960800000000007 0.045750999999999986
2 0.8774318125 0.5610386875 0.009804000000000035 0.037580999999999976
2 0.94018125 0.5773786875 0.008169000000000093 0.037580999999999976
