3 0.1478770131771596 0.5283206874999999 0.298682 0.19531199999999999
3 0.18301610541727673 0.791991875 0.36896 0.18457099999999993
3 0.2898970805270864 0.5126958125000001 0.25183099999999997 0.10546800000000006
3 0.42752521522694 0.49316362499999994 0.165447 0.11425800000000014
3 0.5183011171303075 0.4228515625 0.18448100000000006 0.09765600000000002
3 0.5578334729136164 0.4833988125 0.172767 0.10546800000000006
3 0.6207909824304539 0.5673824375000001 0.273792 0.18554700000000007
3 0.5695458960468522 0.33300749999999996 0.11420199999999987 0.078125
3 0.6398245402635432 0.3417964375 0.1288430000000001 0.06054699999999996
3 0.7071745402635432 0.41113249999999996 0.128843 0.07910200000000006
3 0.7437776383601756 0.3378905625 0.1083450000000001 0.06640599999999997
3 0.8169838653001464 0.3388668125 0.08931199999999981 0.072266
3 0.8931181478770132 0.4335935 0.20937100000000006 0.109375
3 0.9165442825768667 0.346679625 0.12005900000000007 0.083984
3 0.9341144114202048 0.45898418750000003 0.1259150000000002 0.14746099999999995
3 0.9604682210834553 0.32128887500000003 0.07467100000000008 0.05859399999999998
