0 0.627109375 0.5454858169838946 0.16937500000000005 0.3395869999999999
0 0.3423046875 0.5230583499267936 0.06875000000000003 0.07879900000000004
0 0.4035546875 0.5364188653001464 0.06937499999999996 0.0881800000000001
0 0.5224609375 0.5637812825768669 0.04500000000000004 0.12288999999999993
2 0.0852734375 0.48356231332357247 0.030625000000000013 0.144465
2 0.1012890625 0.48656066910688145 0.018750000000000003 0.1303939999999999
2 0.121875 0.49049702489019037 0.033125 0.11538500000000007
2 0.1614453125 0.48550841142020496 0.02562500000000001 0.12476600000000014
2 0.2144921875 0.48003782869692535 0.023125000000000007 0.15572200000000003
2 0.241953125 0.48349221522693997 0.03687499999999999 0.16510299999999994
2 0.31 0.4891903133235724 0.03125 0.14446600000000007
2 0.3446875 0.49687966910688136 0.04750000000000004 0.12945600000000002
2 0.3800390625 0.4780293499267935 0.018125000000000002 0.07692399999999998
2 0.40375 0.4899891171303074 0.033125000000000016 0.18480300000000013
2 0.4332421875 0.48708679795021964 0.021875000000000033 0.13227000000000003
2 0.4728125 0.48623611713030745 0.04749999999999999 0.18480299999999997
2 0.495390625 0.4754179267935578 0.020625000000000004 0.13602199999999992
2 0.519375 0.4397958653001464 0.03187499999999999 0.08911899999999996
2 0.605234375 0.49835330161054175 0.13687499999999997 0.327392
2 0.5559375 0.40904915959004395 0.015625 0.02720499999999997
2 0.6246484375 0.3914536749633967 0.02937500000000004 0.04033800000000006
2 0.669765625 0.4023611844802342 0.05249999999999999 0.14258900000000002
2 0.7328515625 0.47008654026354324 0.03437499999999993 0.12757999999999997
2 0.7527734375 0.4682105402635432 0.030625000000000013 0.12757999999999997
2 0.86 0.4553414978038067 0.06437499999999996 0.285178
2 0.9044140625 0.46797430746705704 0.050000000000000044 0.23639800000000005
3 0.06515625 0.5025605461200585 0.008750000000000008 0.03658500000000006
