2 0.0078125 0.46662499999999996 0.01625 0.133
2 0.032695312500000004 0.47131249999999997 0.025625 0.14300000000000007
2 0.0786328125 0.689875 0.105 0.445
2 0.09484375 0.6144375 0.05499999999999999 0.04800000000000004
2 0.1646484375 0.483375 0.06125 0.16999999999999993
2 0.2175 0.7195 0.126875 0.37699999999999995
2 0.200859375 0.4908125 0.043125 0.06600000000000002
2 0.267421875 0.464625 0.02812500000000001 0.133
2 0.296640625 0.4613125 0.020625000000000004 0.14100000000000001
2 0.351796875 0.47087500000000004 0.02812500000000001 0.14500000000000002
2 0.3796484375 0.46175 0.030625000000000013 0.139
2 0.4387890625 0.655375 0.14375 0.47000000000000003
2 0.4925390625 0.6505625 0.08124999999999993 0.3539999999999999
2 0.5969921875 0.728125 0.11624999999999996 0.359
2 0.6170703125 0.46687500000000004 0.02562500000000001 0.14500000000000002
2 0.646640625 0.4605625 0.020000000000000018 0.15600000000000006
2 0.6964453125 0.4693125 0.02562500000000001 0.14299999999999996
2 0.728671875 0.46018749999999997 0.028125000000000067 0.13700000000000007
2 0.7644921875 0.6845625 0.08562499999999995 0.45500000000000007
2 0.7854296875 0.4651875 0.006249999999999978 0.08600000000000003
2 0.7916796875 0.43706249999999996 0.0068750000000000755 0.03100000000000005
2 0.812109375 0.6289374999999999 0.04437499999999994 0.07200000000000006
2 0.8042578125 0.445375 0.010000000000000009 0.020000000000000018
2 0.88125 0.6901875 0.15625 0.43600000000000005
2 0.8142578125 0.4609375 0.010624999999999996 0.07400000000000002
2 0.8337890625 0.512 0.018125000000000058 0.10299999999999994
2 0.85609375 0.5476875000000001 0.024375000000000036 0.16199999999999992
2 0.91578125 0.449625 0.009375000000000022 0.03200000000000003
2 0.9315625 0.51425 0.01750000000000007 0.06500000000000003
2 0.9340625 0.548125 0.016249999999999987 0.10899999999999999
2 0.96359375 0.46375 0.024374999999999925 0.13899999999999996
2 0.9900390625 0.4681875 0.018125000000000058 0.1370000000000001
