0 0.2252734375 0.5403504956011731 0.12312499999999998 0.31390899999999994
0 0.385 0.5802343284457477 0.125625 0.23872200000000007
0 0.5407031250000001 0.5930536744868035 0.13062500000000005 0.22086400000000003
0 0.731328125 0.6065859178885631 0.130625 0.192669
2 0.060546875 0.4407678680351907 0.1225 0.4144729999999999
2 0.21015625 0.42930413782991206 0.22812500000000002 0.5028199999999999
2 0.3050390625 0.39325148387096776 0.04999999999999999 0.48590200000000006
2 0.387109375 0.4330997272727273 0.138125 0.455827
2 0.526171875 0.4397172082111437 0.184375 0.482143
2 0.6286328125 0.43177970087976536 0.04125000000000001 0.339286
2 0.658515625 0.42836224633431086 0.083125 0.42951100000000003
2 0.675625 0.4621577653958944 0.09375 0.40413600000000005
2 0.7362890625 0.5125711114369501 0.14437499999999992 0.3853380000000001
2 0.726015625 0.3085384750733138 0.05124999999999991 0.11372100000000002
2 0.76265625 0.44681959237536656 0.07062499999999994 0.4107150000000001
2 0.7569140625 0.27586668621700877 0.01937499999999992 0.05263099999999999
2 0.7933203125 0.45561724633431083 0.08812500000000001 0.429512
2 0.8328515625 0.42527477126099705 0.06499999999999995 0.3195489999999999
2 0.895078125 0.409711495601173 0.06687500000000002 0.31390900000000005
2 0.91546875 0.4439255219941349 0.08687499999999992 0.43327099999999996
2 0.972265625 0.45520163049853374 0.05249999999999999 0.35808299999999993
2 0.97890625 0.4637375923753666 0.040000000000000036 0.41259399999999996
2 0.983046875 0.26567682697947215 0.028750000000000053 0.011278000000000007
