2 0.20996043749999999 0.7903645833333334 0.02968800000000002 0.08125000000000011
2 0.4689458125 0.4645833333333333 0.010936999999999975 0.041667000000000044
2 0.4787114375 0.5757809166666666 0.02968700000000002 0.06041699999999994
2 0.5732416875 0.4432291666666666 0.0062510000000000066 0.03750000000000009
2 0.61484375 0.48671841666666665 0.025000000000000022 0.045834000000000076
2 0.7031245 0.6492190833333332 0.015625999999999918 0.06666599999999996
2 0.7181640625 0.5375003333333334 0.018750000000000044 0.04375000000000003
2 0.7546875 0.61901075 0.017188000000000092 0.05624999999999991
2 0.7640625 0.5229163333333333 0.015625 0.041666999999999975
2 0.8203125 0.591667 0.015625 0.0625
