2 0.7819329375 0.38073819174041296 0.07657199999999997 0.393939
2 0.1772923125 0.5362511681415929 0.15132099999999998 0.5137740000000001
2 0.41567575 0.4848606991150442 0.05651800000000001 0.29476600000000003
2 0.4445188125 0.39236681415929203 0.07383799999999996 0.327824
2 0.520897125 0.3935489616519174 0.06654500000000008 0.323692
2 0.549806875 0.5004872979351032 0.059253 0.34848500000000004
2 0.6630321874999999 0.44893840707964594 0.14767600000000003 0.6639120000000001
2 0.874331 0.2847092300884956 0.03190500000000007 0.07162599999999998
2 0.9257038124999999 0.2935587876106195 0.042844000000000104 0.089532
2 0.9904924999999999 0.28943882005899707 0.016407999999999978 0.04958699999999998
