2 0.4582037472660996 0.6892171874999999 0.21026900000000012 0.46037999999999996
2 0.09433187120291617 0.9020203750000001 0.07008899999999997 0.1368689999999998
2 0.2716305370595383 0.9046047500000001 0.05704999999999999 0.149968
2 0.2805509380315917 0.5433986875 0.07253400000000003 0.16241000000000005
2 0.43787467071688946 0.20632068750000002 0.06112499999999995 0.100851
2 0.5283684034021872 0.2339405 0.051344999999999995 0.17223300000000002
2 0.5743192721749696 0.233296375 0.08312999999999995 0.16961400000000004
2 0.7242630814094776 0.6628965 0.22167899999999982 0.391617
2 0.7703629380315918 0.2764738125 0.07253499999999978 0.073346
2 0.8325246087484812 0.7754899375 0.13202999999999993 0.2960050000000001
2 0.8558338736330497 0.22735687499999999 0.10594899999999995 0.18467600000000003
