0 0.34269531249999996 0.7573939793510326 0.3706250000000001 0.48207599999999995
2 0.0609375 0.3333830855457227 0.07999999999999999 0.43773600000000007
2 0.172109375 0.3454470766961652 0.075625 0.35754699999999995
2 0.3260546875 0.4022013333333333 0.288125 0.666981
2 0.2239453125 0.26513646017699116 0.057499999999999996 0.14339600000000005
2 0.274921875 0.23563793510324482 0.05875 0.08301900000000002
2 0.3733203125 0.25054574631268434 0.02562500000000001 0.05188700000000003
2 0.4052734375 0.28021664011799413 0.06125000000000003 0.09622599999999992
2 0.4595703125 0.34995024778761064 0.057499999999999996 0.23018799999999992
2 0.5240625 0.35012261651917403 0.04812499999999997 0.216981
2 0.5603515625 0.3553705427728614 0.03375000000000006 0.21886799999999987
2 0.59703125 0.3608453539823009 0.03937499999999994 0.1858489999999999
2 0.63765625 0.35624720648967556 0.039999999999999925 0.19339699999999987
2 0.6688671875 0.35806787020648967 0.023125000000000062 0.16603700000000007
2 0.7048046875 0.36192202654867256 0.06937499999999996 0.23962199999999992
2 0.729140625 0.350108796460177 0.020625000000000004 0.16981100000000005
2 0.7514453125 0.3477433864306785 0.026874999999999982 0.14717000000000005
2 0.78390625 0.3692966578171092 0.07062499999999994 0.25566
2 0.8587109375 0.3764205280235988 0.07687499999999992 0.4216979999999999
2 0.922578125 0.40721055457227134 0.130625 0.659434
