2 0.0166015625 0.8377278533724339 0.034286000000000004 0.12875600000000004
2 0.2119140625 0.13196480938416422 0.42571400000000004 0.263949
2 0.0471256875 0.8356886803519061 0.037142999999999995 0.1373390000000002
2 0.089911 0.7834001290322581 0.03142800000000001 0.13090099999999996
2 0.1312663125 0.971278686217009 0.027143 0.05150200000000002
2 0.558024125 0.7220118240469209 0.8799999999999999 0.5515020000000002
2 0.1956976875 0.9538592697947212 0.03714300000000001 0.08798300000000035
2 0.2449555 0.5695946803519062 0.01714300000000002 0.13733900000000004
2 0.2666015625 0.5554670586510264 0.03428600000000004 0.15021400000000007
2 0.381328125 0.4076817771260997 0.22428599999999993 0.23390499999999992
2 0.2937445625 0.560903853372434 0.03428600000000004 0.12875499999999998
2 0.4042686875 0.9155537507331379 0.03857199999999994 0.11587999999999987
2 0.7246820625 0.14791795014662756 0.45571399999999995 0.22317600000000004
2 0.577198375 0.9468493724340176 0.044285999999999937 0.10085800000000021
2 0.6406531875 0.9106898533724339 0.05428500000000003 0.12660900000000005
2 0.945591375 0.1809690263929619 0.10571399999999986 0.11802499999999995
