3 0.15527325 0.6080730833333333 0.07031299999999999 0.16145800000000018
3 0.2539065625 0.6067705 0.06640599999999999 0.17317700000000005
3 0.32324200000000003 0.5976564166666666 0.06445299999999993 0.170573
3 0.40331999999999996 0.6041663333333332 0.0625 0.16796900000000012
3 0.47070331249999997 0.5742189999999999 0.05761700000000003 0.125
3 0.568358875 0.58723975 0.058594000000000035 0.15104100000000012
3 0.6396483125 0.588542 0.05664099999999994 0.15885399999999983
3 0.7031253125 0.584635 0.05761700000000003 0.15755200000000005
3 0.7626954375 0.588542 0.060546999999999906 0.15755199999999991
3 0.8271485 0.58723975 0.079102 0.14973900000000007
