2 0.633984375 0.638541888888889 0.07499999999999996 0.24861099999999997
2 0.086328375 0.5951384444444444 0.04296900000000001 0.07777800000000006
2 0.167577875 0.589930888888889 0.027344000000000007 0.12222199999999993
2 0.22070362500000001 0.5704858888888888 0.020311999999999997 0.12361100000000007
3 0.634766125 0.6902773333333333 0.098437 0.1680560000000001
3 0.094140375 0.6381945555555556 0.013281000000000001 0.05000000000000002
3 0.1697270625 0.6416662222222222 0.01953100000000002 0.07083400000000001
3 0.196875 0.5819443333333333 0.032031000000000004 0.04166699999999995
3 0.222265625 0.628819111111111 0.020311999999999997 0.066667
3 0.3107426875 0.6124997777777779 0.03750000000000003 0.058333999999999935
3 0.5427734375 0.5906245555555555 0.029688000000000048 0.018056000000000023
