2 0.0166015625 0.8002163284671533 0.03375 0.09430500000000001
2 0.01625 0.5825446204379562 0.031875 0.08776800000000001
2 0.02734375 0.5118563941605839 0.024375 0.034546999999999994
2 0.03875 0.5718664744525547 0.0325 0.09243699999999999
2 0.033085937499999996 0.41563337226277364 0.014375000000000002 0.055087999999999984
2 0.044921875 0.5053360583941605 0.028124999999999997 0.08029900000000001
2 0.05921875 0.4794804963503649 0.024374999999999994 0.0728300000000001
2 0.085 0.444933496350365 0.031875 0.07282900000000005
2 0.0971484375 0.6497716204379562 0.029375 0.08870200000000002
2 0.0990625 0.4325070583941606 0.016875 0.08029800000000005
2 0.13515625 0.7408674744525547 0.070625 0.09337000000000004
2 0.12984374999999998 0.4581242043795621 0.024374999999999994 0.07656399999999995
2 0.12843749999999998 0.37862583211678835 0.015625000000000014 0.024276000000000013
2 0.1383203125 0.4114912262773723 0.02562500000000001 0.05602199999999999
2 0.1462890625 0.5214974963503649 0.018125000000000002 0.070962
2 0.14390625 0.10253727007299271 0.00874999999999998 0.014938999999999982
2 0.147109375 0.38359793430656935 0.013125000000000026 0.061624999999999985
2 0.1632421875 0.4968653722627737 0.023125000000000007 0.053221999999999985
2 0.1631640625 0.24838066423357666 0.019374999999999976 0.04948699999999996
2 0.17390625 0.3739204744525548 0.040624999999999994 0.09337000000000008
2 0.18421875 0.24423851824817516 0.024375000000000008 0.05135400000000001
2 0.1821875 0.42106464233576646 0.015625 0.07002799999999999
2 0.2078515625 0.3354010583941606 0.03437499999999999 0.08029900000000001
2 0.236875 0.5035347445255474 0.06374999999999997 0.10550900000000007
2 0.2242578125 0.1740918102189781 0.010000000000000009 0.04575200000000004
2 0.229140625 0.415988496350365 0.020625000000000004 0.070962
2 0.2255078125 0.10931068613138686 0.010625000000000023 0.028945000000000002
2 0.247265625 0.3137553284671533 0.05249999999999999 0.09430499999999997
2 0.2317578125 0.13183839416058393 0.010624999999999996 0.032679
2 0.2373828125 0.11409739416058395 0.009999999999999981 0.034546999999999974
2 0.2398828125 0.174907102189781 0.010000000000000009 0.040149000000000025
2 0.2486328125 0.40938581021897813 0.01125000000000001 0.04575199999999994
2 0.2498828125 0.17572239416058394 0.010000000000000009 0.03268000000000001
2 0.261171875 0.7331080364963504 0.02812500000000001 0.09990699999999987
2 0.2561328125 0.189846102189781 0.010625000000000051 0.04014999999999997
2 0.2619921875 0.3529046423357664 0.023125000000000007 0.07002799999999995
2 0.25640625 0.12915510218978102 0.008124999999999993 0.038282
2 0.2667578125 0.12915510218978102 0.011249999999999982 0.04014999999999999
2 0.2777734375 0.6480223284671532 0.030625000000000013 0.09430500000000001
2 0.277890625 0.34852508029197077 0.020625000000000004 0.06069100000000002
2 0.3051953125 0.2855069124087591 0.05812500000000004 0.08216600000000002
2 0.2908203125 0.9846018321167884 0.02562500000000001 0.026143000000000024
2 0.286484375 0.1871638102189781 0.013124999999999998 0.04575199999999998
2 0.2980859375 0.45549393430656926 0.013749999999999984 0.06255800000000003
2 0.3153125 0.7381695182481752 0.04749999999999999 0.05135399999999997
2 0.3018359375 0.3658579343065694 0.014375000000000027 0.06162399999999998
2 0.3139453125 0.6536243284671532 0.026874999999999982 0.09617200000000006
2 0.314140625 0.8162080364963503 0.020625000000000004 0.09990699999999995
2 0.3157421875 0.432795496350365 0.021875000000000033 0.07282899999999996
2 0.3208984375 0.9698472262773723 0.02999999999999997 0.056956
2 0.3149609375 0.3479315401459854 0.01375000000000004 0.03081300000000006
2 0.320390625 0.5292049124087591 0.02124999999999999 0.08216599999999998
2 0.331484375 0.32226237226277377 0.013124999999999998 0.05508899999999999
2 0.3340625 0.17747068613138686 0.015625 0.027077999999999994
2 0.35921875 0.26209722627737225 0.055625000000000036 0.057890000000000004
2 0.3432421875 0.7912874744525547 0.023125000000000007 0.0933700000000002
2 0.3500390625 0.3411737883211679 0.018125000000000002 0.064426
2 0.3467578125 0.1845335401459854 0.011250000000000038 0.03081200000000001
2 0.3568359375 0.5188152043795621 0.014375000000000027 0.07843099999999992
2 0.3621875 0.156233102189781 0.01687500000000003 0.03828200000000002
2 0.370390625 0.39159378832116787 0.020000000000000018 0.06535999999999997
2 0.3648046875 0.35020668613138684 0.007500000000000007 0.028945000000000085
2 0.380234375 0.3022472262773722 0.011874999999999969 0.057890000000000004
2 0.4269921875 0.2534057883211679 0.08437499999999998 0.065359
2 0.411640625 0.0825888102189781 0.05249999999999999 0.04388400000000001
2 0.3955859375 0.2962370802919708 0.015000000000000013 0.05975699999999997
2 0.3980859375 0.5050986423357665 0.015000000000000013 0.0690939999999999
2 0.4069921875 0.5142649124087592 0.021875000000000033 0.08216700000000003
2 0.4082421875 0.9887439781021898 0.023125000000000007 0.020541000000000073
2 0.4074609375 0.17648566423357662 0.014374999999999971 0.04948600000000004
2 0.421171875 0.6748629124087591 0.028750000000000053 0.08310000000000006
2 0.4206640625 0.37974422627737225 0.01874999999999999 0.056956999999999966
2 0.43375 0.7675373284671533 0.03187499999999999 0.09523799999999989
2 0.4399609375 0.3060332481751825 0.014375000000000027 0.03641499999999997
2 0.4409375 0.37134122627737226 0.01687500000000003 0.057890000000000004
2 0.4509765625 0.2918575182481752 0.034999999999999976 0.05228799999999997
2 0.4430859375 0.33141397810218975 0.013749999999999984 0.022409000000000005
2 0.4465625 0.15395795620437958 0.01687500000000003 0.042017
2 0.4616015625 0.5651597445255474 0.03437499999999999 0.10550900000000007
2 0.4587109375 0.20268068613138687 0.014374999999999971 0.02894499999999996
2 0.4612890625 0.4448147883211679 0.018125000000000002 0.06535999999999997
2 0.468125 0.8048853284671533 0.03312499999999996 0.09617200000000006
2 0.4746875 0.4520993941605839 0.016250000000000042 0.034546999999999994
2 0.4806640625 0.4996153503649634 0.01937500000000003 0.07376200000000017
2 0.503125 0.24447593430656933 0.06250000000000006 0.06162500000000003
2 0.4909375 0.36451678832116785 0.015625 0.06535900000000004
2 0.4921875 0.26752949635036494 0.015625 0.071895
2 0.5225 0.5010231824817518 0.06375000000000003 0.09803900000000003
2 0.5062890625 0.3139780802919708 0.019374999999999976 0.06069100000000002
2 0.5036328125 0.2756293941605839 0.010000000000000009 0.03267900000000002
2 0.5276171875 0.9868759781021897 0.023125000000000062 0.02240900000000009
2 0.533046875 0.6692609124087592 0.028124999999999956 0.08403299999999994
2 0.5381640625 0.4283492481751825 0.018124999999999947 0.03641499999999993
2 0.5641015625 0.2120853722627737 0.06562500000000004 0.05415500000000002
2 0.568046875 0.2535234963503649 0.06000000000000005 0.07283000000000002
2 0.5543359375 0.4375155182481752 0.015000000000000013 0.050420999999999924
2 0.5615625 0.40862254014598537 0.016875000000000084 0.030812999999999976
2 0.5669921875 0.3299687883211679 0.021874999999999978 0.06535999999999997
2 0.5938671875 0.7139602043795621 0.02312499999999995 0.07656400000000003
2 0.5951171875 0.8417074744525547 0.023125000000000062 0.09243699999999999
2 0.601015625 0.6352397664233577 0.02124999999999999 0.08590100000000005
2 0.6100390625 0.8021363503649634 0.01937500000000003 0.0746960000000001
2 0.6246875 0.2483963284671533 0.04875000000000007 0.09523799999999998
2 0.619375 0.8240851824817518 0.03187499999999999 0.09897300000000003
2 0.6244921875 0.9914262700729928 0.021874999999999978 0.014938999999999961
2 0.6234375 0.47562778832116787 0.01750000000000007 0.065359
2 0.6256640625 0.6404346204379562 0.018750000000000044 0.08963599999999994
2 0.6294140625 0.3922903722627738 0.018750000000000044 0.05508899999999999
2 0.6369140625 0.5607134963503649 0.018124999999999947 0.07282900000000005
2 0.6462109375 0.3921196423357664 0.014375000000000027 0.06722699999999998
2 0.6580859375 0.28398037226277373 0.01375000000000004 0.05415499999999998
2 0.66796875 0.5482860583941606 0.024375000000000036 0.08029900000000001
2 0.705625 0.23041791240875914 0.09500000000000008 0.08309999999999998
2 0.671015625 0.4438817883211678 0.020625000000000004 0.06535900000000008
2 0.6845703125 0.5948533503649635 0.026874999999999982 0.07469600000000001
2 0.682734375 0.2765103722627737 0.012499999999999956 0.053222000000000026
2 0.686484375 0.4301652262773723 0.011874999999999969 0.056956
2 0.69453125 0.27837837226277373 0.009374999999999911 0.05508899999999999
2 0.7100390625 0.31251822627737225 0.018124999999999947 0.056956
2 0.7139453125 0.6048349124087591 0.02562500000000001 0.08216599999999998
2 0.712109375 0.2843885182481752 0.011874999999999969 0.05228700000000001
2 0.7374609375 0.8998348905109489 0.04500000000000004 0.10270699999999996
2 0.7289453125 0.7366056204379562 0.025624999999999898 0.08963599999999994
2 0.7376171875 0.3220916423357664 0.021874999999999978 0.06722699999999998
2 0.7401171875 0.4549670802919708 0.021874999999999978 0.06069099999999998
2 0.7355078125 0.5105819343065694 0.011249999999999982 0.06349200000000003
2 0.737734375 0.2843885182481752 0.011874999999999969 0.05042
2 0.7421875 0.3848203722627737 0.016874999999999973 0.05322199999999994
2 0.7465625 0.029197080291970802 0.016249999999999987 0.06069099999999999
2 0.750390625 0.7221924744525547 0.020625000000000004 0.09243700000000007
2 0.7687109375 0.8771364525547446 0.04562500000000003 0.11297899999999987
2 0.7555859375 0.03269466423357664 0.015000000000000013 0.04761899999999999
2 0.7694921875 0.38441322627737234 0.021874999999999978 0.056955999999999875
2 0.7690625 0.25386495620437954 0.015625 0.04201700000000004
2 0.772109375 0.29243539416058395 0.011874999999999969 0.03268000000000003
2 0.805078125 0.20030249635036496 0.0675 0.070962
2 0.780234375 0.26255739416058393 0.012499999999999956 0.03267900000000006
2 0.7855859375 0.042150372262773725 0.014999999999999902 0.053221000000000004
2 0.8034765625 0.6692609124087592 0.03375000000000006 0.08403299999999994
2 0.7994140625 0.2870708102189781 0.018124999999999947 0.046684999999999977
2 0.814140625 0.052131934306569344 0.020625000000000004 0.061625
2 0.813359375 0.316830102189781 0.013125000000000053 0.038281999999999976
2 0.8275390625 0.649534204379562 0.01937500000000003 0.078431
2 0.8284375 0.29734181021897815 0.01749999999999996 0.043883999999999965
2 0.8340625 0.05814208029197081 0.01749999999999996 0.05975700000000001
2 0.85125 0.805529890510949 0.0318750000000001 0.10364200000000003
2 0.842734375 0.25759995620437953 0.011874999999999969 0.042016000000000074
2 0.8476171875 0.6379220583941606 0.021874999999999978 0.08029899999999993
2 0.8608984375 0.22474922627737223 0.02937500000000004 0.056956
2 0.8719140625 0.06277372262773723 0.04999999999999993 0.12605
2 0.858515625 0.2779702262773723 0.020000000000000018 0.05695700000000001
2 0.8742578125 0.9141960145985402 0.041874999999999996 0.12044799999999987
2 0.8796484375 0.8150896423357664 0.030625000000000013 0.06722699999999994
2 0.904609375 0.7181690364963503 0.07562499999999994 0.09990700000000012
2 0.8768359375 0.26897468613138686 0.014375000000000027 0.028945000000000002
2 0.8938671875 0.2721308102189781 0.021874999999999978 0.04575200000000002
2 0.926640625 0.072992700729927 0.05249999999999999 0.146592
2 0.916171875 0.7973486423357664 0.028125000000000067 0.06909399999999999
2 0.90765625 0.2621492481751824 0.008749999999999925 0.03641500000000005
2 0.9540234375 0.6729959124087591 0.030625000000000013 0.08216599999999998
2 0.9746875 0.09278609489051096 0.04812499999999997 0.17927200000000001
2 0.9696484375 0.7485072043795621 0.02937500000000004 0.07656399999999995
2 0.98734375 0.5966016423357664 0.02375000000000005 0.06722700000000002
