2 0.1410546875 0.51119825 0.037500000000000006 0.16666599999999998
2 0.171328125 0.5083850833333333 0.06687499999999999 0.19083400000000003
2 0.1900390625 0.21895833333333334 0.018125000000000002 0.07416700000000005
2 0.2349609375 0.31734341666666666 0.04500000000000001 0.014999999999999977
2 0.26078124999999996 0.5050520833333333 0.04000000000000001 0.19083299999999995
2 0.3351953125 0.27213575 0.026874999999999982 0.08750000000000002
2 0.3574609375 0.38218783333333334 0.014374999999999971 0.027500000000000007
2 0.3665625 0.38255174999999997 0.016249999999999987 0.02416700000000005
2 0.388671875 0.28661458333333334 0.027500000000000024 0.018333000000000006
2 0.4409375 0.3341663333333333 0.01687500000000003 0.04166700000000001
2 0.451875 0.3500003333333333 0.03312499999999996 0.04250000000000006
2 0.475546875 0.2841663333333333 0.02812500000000001 0.04333400000000006
2 0.4783203125 0.32177083333333334 0.026874999999999982 0.089167
2 0.5766015625 0.38510416666666664 0.03499999999999992 0.13249999999999998
2 0.5997265625 0.4076038333333334 0.06625000000000003 0.09083399999999993
