2 0.96421875 0.19708732116788322 0.055625000000000036 0.23436000000000004
2 0.016835937500000002 0.16638539416058393 0.015000000000000001 0.034547000000000036
2 0.0303125 0.16049395620437953 0.016875 0.04201700000000004
2 0.0595703125 0.1737513503649635 0.026874999999999996 0.07469600000000004
2 0.0975 0.22484624087591243 0.0625 0.17740400000000006
2 0.13089843750000002 0.24336517518248177 0.060625 0.237161
2 0.1456640625 0.1638208102189781 0.018750000000000017 0.043885000000000014
2 0.245390625 0.20995826277372262 0.05250000000000002 0.15686299999999995
2 0.25386718750000004 0.14263524817518247 0.021875000000000006 0.036414
2 0.28921875 0.1543140802919708 0.02437499999999998 0.05975700000000001
2 0.3848046875 0.18245845255474452 0.038124999999999964 0.11111099999999999
2 0.4747265625 0.1893505766423358 0.03375 0.12978500000000004
2 0.603046875 0.16220589051094889 0.08999999999999997 0.10364200000000007
2 0.7391015625 0.14428049635036497 0.03437499999999993 0.072829
2 0.7684375 0.16139059854014598 0.04749999999999999 0.10924399999999997
2 0.817890625 0.16038991240875913 0.05249999999999999 0.082167
2 0.8564453125 0.16015349635036497 0.02562500000000001 0.07096100000000001
2 0.8655078125 0.15618108029197078 0.011249999999999982 0.06069100000000002
2 0.8751171875 0.10873281021897811 0.02312499999999995 0.04388399999999999
2 0.87609375 0.1467920583941606 0.024375000000000036 0.08029900000000001
2 0.902578125 0.1523950583941606 0.03562500000000002 0.08029800000000001
