3 0.37402362499999997 0.5895651739130435 0.11425800000000003 0.35304399999999997
3 0.048828125 0.43826126086956524 0.099609 0.24869499999999997
3 0.0537109375 0.718261347826087 0.107422 0.2243470000000001
3 0.183594 0.6747830434782609 0.09472599999999998 0.191304
3 0.18847706250000001 0.4469567826086956 0.08105399999999999 0.18260800000000002
3 0.320312 0.4504352608695652 0.125977 0.33043399999999995
3 0.480468875 0.8469562608695652 0.08984399999999992 0.24695700000000007
3 0.5244136875000001 0.822609 0.10058600000000001 0.24
3 0.6044920625 0.6678264782608696 0.019531000000000076 0.06782600000000003
3 0.7089847499999999 0.7721739565217391 0.05566400000000005 0.21217400000000008
3 0.754882375 0.7721743043478261 0.042969000000000035 0.19652100000000008
3 0.7753910625 0.6486954782608696 0.050780999999999965 0.22782599999999992
3 0.8378910625 0.7130434782608696 0.11230399999999996 0.38608700000000007
3 0.8125000625 0.453913 0.050781000000000076 0.16173900000000002
3 0.8525395 0.3460869130434783 0.07910100000000009 0.26434799999999997
3 0.9306637500000001 0.35478221739130433 0.11718799999999985 0.38087
3 0.934569875 0.7756525652173913 0.12207100000000004 0.44347800000000004
3 0.974609375 0.3269564782608696 0.04394500000000012 0.46956499999999995
