0 0.252734375 0.7209071914580265 0.2625 0.32169800000000004
0 0.4226953125 0.4939306701030928 0.08812500000000001 0.12547200000000003
0 0.451796875 0.6131501104565538 0.12187500000000007 0.2650950000000001
0 0.5548046875 0.7385125184094257 0.19374999999999998 0.377359
2 0.01171875 0.4010703402061856 0.024375 0.24811300000000006
2 0.095078125 0.3251781782032401 0.036875000000000005 0.13113199999999997
2 0.2272265625 0.6334499941089837 0.2525 0.35943400000000003
2 0.13136718749999998 0.32794045655375553 0.023124999999999993 0.15094399999999994
2 0.3579296875 0.692081353460972 0.13187500000000002 0.44151000000000007
2 0.39953125 0.42037252135493375 0.07187500000000002 0.1981129999999999
2 0.4371484375 0.4986535861561119 0.09312500000000001 0.24717000000000003
2 0.5434765625 0.6742460103092783 0.16000000000000003 0.372642
2 0.5576171875 0.37967007805596464 0.08562499999999995 0.24150999999999997
2 0.63125 0.5119669911634757 0.09499999999999997 0.5396219999999999
