2 0.48370024999999994 0.4699110942562592 0.07184400000000002 0.2509759999999999
2 0.0576171875 0.43184510456553754 0.11585799999999999 0.6230469999999999
2 0.103060625 0.47434486450662733 0.05242699999999999 0.26660100000000003
2 0.1311878125 0.46789406185567006 0.04142399999999999 0.2285159999999999
2 0.146357875 0.49841068630338736 0.028479000000000004 0.13671899999999992
2 0.1846025 0.4956862916053019 0.048544000000000004 0.21289100000000002
2 0.2098455 0.4922295213549338 0.047895999999999994 0.19921799999999992
2 0.26780231250000003 0.49322202945508103 0.05760499999999996 0.20507799999999995
2 0.2903653125 0.4960404727540501 0.02718400000000004 0.16210899999999998
2 0.3577359375 0.48201529160530193 0.045308000000000015 0.21289000000000005
2 0.6092207500000001 0.49959329160530197 0.055015999999999954 0.21288999999999997
2 0.669994 0.5159411620029455 0.03236200000000011 0.12011699999999999
2 0.6768066875000001 0.5500416215022091 0.03883499999999995 0.08886799999999997
2 0.697178 0.47772909720176726 0.03236300000000003 0.07324200000000007
2 0.899858 0.5016723564064801 0.06407799999999997 0.2617190000000001
2 0.943133 0.5200217511045655 0.03236299999999992 0.18554699999999996
