2 0.3987890625 0.45246625356125353 0.7687499999999999 0.5072989999999999
2 0.90984375 0.3228546011396011 0.05625000000000002 0.20346699999999998
3 0.6997265625 0.5679966866096866 0.19000000000000006 0.374087
3 0.0653515625 0.47438009116809116 0.0975 0.18339400000000008
3 0.156015625 0.25129452136752134 0.05250000000000002 0.04288300000000002
3 0.264296875 0.5260806182336182 0.185 0.23722600000000005
3 0.4003515625 0.48761907977207974 0.15875 0.16058400000000006
3 0.340625 0.3096240313390314 0.03125 0.06386800000000002
3 0.4307421875 0.4319155669515669 0.14687500000000003 0.13412400000000002
3 0.5626171875 0.4654146068376068 0.14749999999999996 0.21532800000000002
3 0.9090625 0.3631305811965812 0.14249999999999996 0.165146
