2 0.1164453125 0.3520336013071895 0.21375 0.05188200000000003
2 0.178515625 0.6793170784313725 0.3025 0.18242700000000003
2 0.2609375 0.3426755163398692 0.015625 0.020920000000000053
2 0.3694921875 0.8619140653594772 0.023125000000000007 0.08535499999999994
2 0.3821875 0.3253092745098039 0.016249999999999987 0.03263600000000005
2 0.4190625 0.32735008496732027 0.015625 0.030962000000000017
2 0.4377734375 0.8238415490196078 0.02937500000000004 0.06359799999999999
2 0.4421875 0.8732682222222221 0.015625 0.046025000000000114
2 0.47890625 0.8596654967320261 0.04062500000000002 0.07698800000000024
2 0.4812109375 0.3217545163398693 0.014375000000000027 0.02259400000000001
2 0.5465625 0.3109798954248366 0.015625 0.027614999999999994
2 0.5663671875 0.3108208431372549 0.02312499999999995 0.041004999999999986
2 0.6151953125 0.9518745490196079 0.05687500000000001 0.06276199999999998
2 0.6278125 0.318040705882353 0.016874999999999973 0.024267999999999967
2 0.6668359375 0.2924655163398692 0.013749999999999929 0.02259500000000005
2 0.69109375 0.8361311176470588 0.05500000000000005 0.07196600000000014
2 0.686484375 0.9072054444444446 0.043749999999999956 0.0912139999999999
2 0.7355078125 0.8878063594771242 0.04249999999999998 0.06192399999999996
2 0.7458203125 0.9609214967320261 0.05687500000000001 0.07615000000000008
2 0.728515625 0.30627103267973854 0.020625000000000004 0.04184099999999996
2 0.7589453125 0.3124948431372549 0.02562500000000001 0.04100399999999998
2 0.7696875 0.8484703921568627 0.04875000000000007 0.10292800000000013
2 0.786640625 0.324161137254902 0.020625000000000004 0.015899999999999963
2 0.8057421875 0.9443375816993465 0.05312499999999998 0.1071129999999999
2 0.8048828125 0.31673351633986935 0.010624999999999996 0.022593999999999937
2 0.8280078125 0.9789696535947714 0.04249999999999998 0.03849399999999983
2 0.8233203125 0.3191401372549019 0.02562500000000001 0.015899999999999963
2 0.8530078125 0.8985809803921568 0.041874999999999996 0.05523000000000013
2 0.894609375 0.8950749281045751 0.043749999999999956 0.07029299999999997
2 0.9059375 0.9614463594771241 0.04875000000000007 0.06192399999999996
2 0.9534375 0.9433474967320262 0.04749999999999999 0.07615099999999993
2 0.9523046875 0.9782370326797385 0.03875000000000006 0.04184100000000003
