2 0.1996875 0.6380211666666668 0.07875000000000001 0.32
2 0.144296875 0.6472913333333333 0.059375 0.32499999999999996
2 0.180546875 0.5367708333333333 0.02812500000000001 0.09000000000000001
2 0.26015625 0.5737496666666666 0.04000000000000001 0.14666700000000002
2 0.2744921875 0.56973925 0.023125000000000007 0.13416699999999993
2 0.2952734375 0.5609371666666666 0.030625000000000013 0.13083400000000003
2 0.3036328125 0.5268746666666666 0.010000000000000009 0.054167000000000076
2 0.3551953125 0.5813541666666667 0.05812499999999998 0.06916699999999991
2 0.3632421875 0.5654163333333334 0.02250000000000002 0.10666699999999991
2 0.4732421875 0.514792 0.02312499999999995 0.03333299999999991
2 0.47953125 0.49697949999999996 0.00874999999999998 0.017499999999999998
2 0.6751953125 0.49125 0.026249999999999996 0.06333300000000001
2 0.7461328125 0.5177600833333332 0.010624999999999996 0.035000000000000066
2 0.9049609375 0.514792 0.015000000000000013 0.03166599999999997
2 0.9268359375 0.5196878333333333 0.013749999999999929 0.02750000000000008
