0 0.3240759166666667 0.6185497572815534 0.311409 0.38937499999999997
0 0.1248635 0.2508616504854369 0.17248300000000003 0.10937499999999997
0 0.2989583333333334 0.281747572815534 0.1979869999999999 0.13375
0 0.47967175 0.37087985436893206 0.2751680000000001 0.234375
0 0.4539881666666667 0.5874939320388349 0.06979900000000001 0.21062499999999995
0 0.5650233333333333 0.28472087378640776 0.13758400000000007 0.10249999999999998
0 0.53985425 0.6636468446601942 0.07181200000000006 0.3006249999999999
0 0.6485299166666666 0.5627912621359223 0.24966499999999994 0.23062499999999997
0 0.6401797499999999 0.36656553398058256 0.18187899999999999 0.14687499999999998
0 0.7462995833333333 0.7693689320388349 0.17583899999999986 0.459375
2 0.33569808333333334 0.5273604368932039 0.25302 0.5512499999999999
2 0.13241975 0.1985922330097087 0.118791 0.1775
2 0.2869823333333333 0.27818567961165047 0.10671200000000007 0.16437500000000002
2 0.4817099166666667 0.3592233009708738 0.18724800000000008 0.21999999999999997
2 0.52224775 0.5247087378640777 0.21275100000000005 0.27
2 0.5431577500000001 0.21087378640776697 0.11946300000000003 0.193125
2 0.7406690833333333 0.7207706310679611 0.410738 0.491875
2 0.6431850833333334 0.30620752427184467 0.15906100000000004 0.213125
