0 0.246796875 0.7689586666666667 0.05937499999999998 0.115833
0 0.329453125 0.7695309166666666 0.0675 0.12250000000000005
0 0.417578125 0.7484895833333334 0.06687499999999996 0.11249999999999998
0 0.4708203125 0.756875 0.05687500000000001 0.09500000000000004
0 0.5492578125 0.7414059166666668 0.04249999999999998 0.09166699999999987
0 0.5909375 0.7340100833333333 0.046875 0.09833400000000007
2 0.2177734375 0.6819795000000001 0.09312500000000001 0.2675000000000001
2 0.29109375000000004 0.6790628333333334 0.08624999999999997 0.24583299999999988
2 0.3713671875 0.6726565833333332 0.08437500000000003 0.23833300000000004
2 0.4488671875 0.670417 0.08437500000000003 0.18833299999999994
2 0.51875 0.677917 0.09500000000000003 0.1875
2 0.5578515625 0.6455729166666666 0.06625000000000003 0.21833300000000003
2 0.615703125 0.64130175 0.0675 0.21166700000000005
2 0.6785546875 0.6269274166666666 0.06999999999999995 0.07750000000000005
2 0.723984375 0.5776565833333334 0.04312499999999997 0.11416599999999999
2 0.7531640625 0.6280211666666666 0.08125000000000004 0.06916599999999999
2 0.8029296875 0.62765625 0.06937499999999996 0.07083299999999992
