2 0.0809375 0.34253274322860244 0.015625 0.051317999999999996
2 0.27457031249999997 0.37438426435536293 0.306875 0.13592300000000007
2 0.192421875 0.5553182307692307 0.12187499999999998 0.4625520000000001
2 0.351875 0.457158917659805 0.09562500000000002 0.28779499999999997
2 0.4038671875 0.40948827843986996 0.05375000000000002 0.19209399999999996
2 0.5042187499999999 0.36084065438786567 0.14937499999999998 0.4646320000000001
2 0.5657421874999999 0.3924766684723727 0.27187500000000003 0.520804
2 0.473046875 0.4209363336944746 0.027500000000000024 0.10471599999999995
2 0.81953125 0.4014916684723727 0.25812499999999994 0.522192
2 0.8658203125 0.3556647085590466 0.026249999999999996 0.06657400000000002
