0 0.7877734375 0.7964167058823529 0.21750000000000003 0.32580000000000015
2 0.17875 0.5735595294117647 0.0625 0.26930400000000004
2 0.01953125 0.5600812941176471 0.040625 0.27777699999999994
2 0.031484375 0.5575525294117647 0.04375 0.27024499999999996
2 0.0834375 0.6181349411764705 0.078125 0.16760799999999998
2 0.0965234375 0.4846155882352941 0.030625 0.10452
2 0.128046875 0.5354937058823529 0.05875 0.22598900000000002
2 0.2098828125 0.5439154117647058 0.04250000000000001 0.19868200000000003
2 0.239140625 0.46067376470588234 0.020000000000000018 0.06026299999999999
2 0.257265625 0.5333773529411765 0.05125000000000002 0.21469000000000005
2 0.63578125 0.7421707647058824 0.7268749999999999 0.5112989999999998
2 0.2974609375 0.574617705882353 0.04624999999999996 0.27401100000000006
2 0.340078125 0.4651378235294118 0.036250000000000004 0.09698700000000002
2 0.371171875 0.4727125294117647 0.058750000000000024 0.17043299999999997
2 0.4306640625 0.4962641176470588 0.049375 0.12146900000000004
2 0.4679296875 0.4922008823529412 0.03749999999999998 0.129944
2 0.51640625 0.4951953529411765 0.03999999999999998 0.161958
2 0.574765625 0.48343064705882355 0.0525000000000001 0.13935900000000007
2 0.6075 0.46173194117647065 0.03312499999999996 0.06591299999999996
2 0.643671875 0.46320252941176476 0.028124999999999956 0.06779599999999997
2 0.6615625 0.4924448235294117 0.04812499999999997 0.09604500000000003
2 0.694375 0.4834412352941177 0.03312500000000007 0.09227899999999988
2 0.7198828125 0.4584412352941177 0.011249999999999982 0.04237300000000003
2 0.730625 0.47479776470588225 0.03312500000000007 0.06120500000000006
2 0.771953125 0.4823201764705883 0.036250000000000004 0.10828599999999991
2 0.8227734375 0.46244058823529405 0.02937500000000004 0.05367200000000009
2 0.834765625 0.46173194117647065 0.020625000000000004 0.06591299999999996
2 0.8648828125 0.4834412352941177 0.041874999999999996 0.09227899999999988
2 0.8738671875 0.4613824117647059 0.02312499999999995 0.049906000000000006
2 0.904921875 0.4657941764705883 0.028750000000000053 0.05743899999999998
2 0.9254296875 0.474205294117647 0.03749999999999998 0.07909600000000008
2 0.9539453125 0.4716242352941176 0.026874999999999982 0.04237300000000003
