2 0.02539025 0.7101029941434845 0.040039 0.09370400000000004
2 0.0605471875 0.702781803806735 0.023437 0.042459999999999914
2 0.081054375 0.7101025461200585 0.012695999999999999 0.03660300000000006
2 0.12500050000000001 0.7408494480234261 0.017577999999999983 0.058564999999999805
2 0.15136675 0.7349925768667643 0.02441399999999999 0.06002900000000005
2 0.22558543749999999 0.7393846573938507 0.12402400000000002 0.3118599999999999
2 0.4589839375 0.727671963396779 0.294922 0.07027799999999997
2 0.624023875 0.7262079267935578 0.02929599999999999 0.13762799999999994
2 0.654296375 0.7379204729136165 0.042969000000000035 0.1713039999999999
2 0.727538875 0.7393853074670571 0.08984399999999992 0.23572400000000013
2 0.8154295 0.7393848843338214 0.141602 0.29575399999999996
2 0.9501949375000001 0.7027814729136164 0.04589899999999991 0.16983899999999993
3 0.1884765625 0.8155193074670571 0.19140600000000002 0.23572499999999977
3 0.47949250000000004 0.742313448023426 0.015625 0.058565000000000055
3 0.7382810625 0.7979498286969254 0.08105499999999999 0.1551979999999999
3 0.800781125 0.809663663250366 0.06738300000000008 0.22254700000000013
