3 0.4990234375 0.854553626647145 0.999375 0.2879930000000001
3 0.13390625 0.888421663250366 0.25875 0.2204500000000002
3 0.1096484375 0.7133933133235725 0.09312499999999999 0.144465
3 0.14078125 0.7063011844802343 0.071875 0.1425889999999999
3 0.1391015625 0.7054322825768666 0.06562499999999999 0.12195200000000013
3 0.2574609375 0.8739819516837483 0.265 0.24953100000000006
3 0.289296875 0.9700693191800878 0.24624999999999997 0.055347000000000195
3 0.3610546875 0.720968411420205 0.13187499999999996 0.12476499999999992
3 0.5023828125 0.8877812767203516 0.25999999999999995 0.2110689999999998
3 0.3966015625 0.7305769267935578 0.03437499999999999 0.13602299999999998
3 0.4283984375 0.7294805095168375 0.06124999999999997 0.10412800000000014
3 0.5623046875 0.7852835402635432 0.19375000000000003 0.1275799999999999
3 0.58859375 0.8581309882869693 0.24312499999999992 0.18198800000000007
3 0.615078125 0.9249884421669106 0.22375 0.14728000000000024
3 0.63109375 0.7813471844802342 0.14874999999999994 0.14259000000000013
3 0.6411328125 0.8614269575402637 0.166875 0.15947499999999984
3 0.666328125 0.7518812518301611 0.1293749999999999 0.09943700000000004
3 0.753984375 0.8466013133235725 0.19999999999999996 0.14352800000000002
3 0.73359375 0.7731586383601757 0.11749999999999994 0.10787999999999988
3 0.729765625 0.8647670863836017 0.083125 0.16322700000000007
3 0.7751953125 0.7552213806734992 0.11937500000000001 0.10037500000000009
3 0.873125 0.9335015402635434 0.25125 0.12851799999999997
3 0.813046875 0.7504612825768666 0.09125000000000005 0.12101300000000009
3 0.8860546875 0.9078489882869691 0.22562499999999996 0.1819890000000002
3 0.8695703125 0.8235611844802343 0.18312499999999998 0.14071299999999987
3 0.9485546875 0.7560191844802342 0.10062499999999996 0.142589
