3 0.4734765625 0.7248259516837482 0.22125 0.2504690000000001
3 0.02734375 0.47766163836017567 0.05625 0.10788000000000005
3 0.222734375 0.4494754787701317 0.043125 0.08067499999999998
3 0.480703125 0.4557880248901903 0.09937499999999999 0.11538400000000001
3 0.5966015625 0.6040933440702783 0.15875000000000006 0.16979399999999986
3 0.6685546875 0.4542797364568082 0.09999999999999998 0.08630399999999998
3 0.6664453125 0.43968260761347 0.0881249999999999 0.08442700000000006
3 0.673125 0.44906360761347 0.09499999999999997 0.08255099999999994
3 0.7681640625 0.5357525402635431 0.14312499999999995 0.12851800000000005
3 0.804453125 0.4480113499267935 0.0675 0.07879900000000012
3 0.8431640625 0.43945409224011717 0.08187500000000003 0.07129499999999998
3 0.86234375 0.3780230614934114 0.05625000000000002 0.04971800000000003
3 0.91046875 0.42455934992679356 0.11812499999999992 0.07692299999999992
3 0.9623828125 0.4145821229868228 0.073125 0.093808
