3 0.30273456249999997 0.8928048722466959 0.2851560000000001 0.21145400000000003
3 0.3017574375 0.9280471527165932 0.18554700000000002 0.139501
3 0.4765625 0.8458148722466959 0.203125 0.2129220000000001
3 0.402343375 0.7841410029368576 0.04296899999999998 0.04258399999999993
3 0.4951173125 0.8370044375917767 0.12011700000000003 0.126285
3 0.5615231875000001 0.7856094331864903 0.052734999999999865 0.064611
3 0.596679875 0.7797361468428781 0.028320000000000012 0.058737000000000046
3 0.62695325 0.8061670088105728 0.07226500000000002 0.12481700000000003
3 0.6806641875 0.8516887283406754 0.14843700000000004 0.19970600000000013
3 0.7705079375 0.8619674449339206 0.2031249999999999 0.23054400000000003
3 0.8613278125000001 0.8076355800293685 0.07226599999999994 0.12188000000000004
3 0.9345701875000001 0.792951436123348 0.05371099999999984 0.10572700000000002
3 0.9931638125 0.7635825741556536 0.01074200000000003 0.038179999999999936
