0 0.7784375 0.6859378333333334 0.32999999999999996 0.465
2 0.7634375 0.3598961666666667 0.078125 0.28666600000000003
2 0.2158203125 0.5860934166666667 0.244375 0.450834
2 0.3152734375 0.41104133333333337 0.09312500000000001 0.135834
2 0.4543359375 0.3599475833333334 0.04562499999999997 0.14416699999999993
2 0.5265625 0.3649475833333333 0.07875000000000004 0.14499999999999993
2 0.6059375 0.4724479166666667 0.109375 0.311667
2 0.7849609375 0.5557809166666666 0.326875 0.435834
2 0.6819921875 0.3634371666666667 0.05437499999999995 0.13249999999999992
2 0.8315234375 0.33619791666666665 0.06125000000000003 0.248333
2 0.93265625 0.5290104166666666 0.13312500000000005 0.89
