0 0.224453125 0.7563973997071742 0.255 0.30581600000000003
0 0.450390625 0.8730439516837483 0.33375000000000005 0.25046900000000005
0 0.3847265625 0.6449133133235725 0.06562500000000004 0.14446499999999993
0 0.4351171875 0.7015400863836018 0.14687500000000003 0.1632269999999999
0 0.4183203125 0.35472847877013175 0.057499999999999996 0.08067500000000002
0 0.6239453125 0.6833925344070277 0.181875 0.2176360000000001
0 0.8030859375 0.9498172518301611 0.35750000000000004 0.09756100000000008
0 0.81125 0.7366973997071742 0.28312499999999996 0.30581600000000003
0 0.9746875 0.4103471537335286 0.04812499999999997 0.11913699999999998
2 0.8267578125 0.6754505109809664 0.1975 0.5825519999999998
2 0.076953125 0.24952228257686676 0.035625000000000004 0.12288999999999997
2 0.2171875 0.27253647291361643 0.23625 0.17073199999999997
2 0.225859375 0.8947601478770132 0.23187500000000003 0.20825500000000013
2 0.2428125 0.6065673572474378 0.20500000000000002 0.46341400000000005
2 0.4347265625 0.27228301903367497 0.221875 0.20731700000000003
2 0.372890625 0.21184086530014645 0.05250000000000005 0.08818099999999997
2 0.399921875 0.5017722459736457 0.058750000000000024 0.18855499999999994
2 0.5053125 0.8021972650073207 0.20500000000000002 0.3930580000000001
2 0.4712890625 0.4778036207906296 0.11249999999999993 0.378986
2 0.621953125 0.5678154612005856 0.130625 0.353659
2 0.578125 0.36781731918008786 0.03249999999999997 0.05347099999999995
2 0.5936328125 0.30424811713030747 0.04249999999999998 0.18480300000000005
2 0.753046875 0.5146438609077599 0.18437499999999996 0.657599
2 0.9271875 0.3481719824304539 0.04874999999999996 0.272983
