0 0.326395375 0.6813189002932551 0.45 0.44772100000000004
0 0.680524125 0.7131599266862171 0.6303580000000002 0.565684
2 0.807589 0.653927375366569 0.21964299999999992 0.5576409999999999
2 0.233760875 0.6093499384164223 0.37142900000000006 0.39410200000000006
2 0.19296875 0.38573666862170086 0.0875 0.30563
2 0.2620811875 0.3875329178885631 0.05357200000000001 0.19303000000000003
2 0.3284874375 0.41250263636363627 0.06071500000000002 0.27345899999999995
2 0.4678288125 0.42210661876832845 0.10357200000000005 0.52815
2 0.5996375625 0.44271290029325516 0.09642800000000007 0.44772100000000004
2 0.9528743125000001 0.3974668739002932 0.08928499999999984 0.32975899999999997
