2 0.484375 0.49783180530973453 0.09375 0.250236
2 0.079921875 0.30345837758112093 0.028124999999999997 0.06609999999999999
2 0.1353515625 0.29259478761061947 0.035 0.09065199999999998
2 0.26921875 0.3667551740412979 0.05624999999999997 0.23418299999999992
2 0.4204296875 0.2668569026548672 0.03750000000000003 0.12464600000000003
2 0.5172265625 0.28687545132743364 0.03375000000000006 0.06326699999999996
2 0.56515625 0.28540052507374636 0.039999999999999925 0.05948999999999998
2 0.6187890625 0.260957197640118 0.050000000000000044 0.114259
2 0.703046875 0.266919418879056 0.05875000000000008 0.103872
2 0.878359375 0.25068705014749265 0.23062499999999997 0.11803599999999997
2 0.8604296875 0.3828245339233039 0.06937499999999996 0.13975499999999993
2 0.9630078125 0.4283135427728613 0.04125000000000001 0.21907499999999996
