2 0.068359375 0.7018188898678414 0.136875 0.45864699999999997
2 0.4580078125 0.7041104610866372 0.916875 0.45676700000000003
2 0.0709375 0.5962142936857563 0.11 0.111842
2 0.154609375 0.5805277283406756 0.043125 0.1992479999999999
2 0.25515625 0.5832888693098385 0.040624999999999994 0.17105299999999993
2 0.2984375 0.604258443465492 0.04749999999999999 0.20958599999999994
2 0.3362890625 0.600795436123348 0.019374999999999976 0.10620300000000003
2 0.3807421875 0.5669581571218796 0.05375000000000002 0.20206799999999994
2 0.422421875 0.6086637298091042 0.06 0.21992500000000004
2 0.487265625 0.5897498722466961 0.05250000000000005 0.21240599999999998
2 0.609921875 0.6023217239353891 0.15250000000000008 0.13627900000000007
2 0.726953125 0.5795287298091043 0.06812499999999999 0.21804500000000002
2 0.80625 0.5945690088105727 0.21999999999999997 0.125
2 0.808203125 0.5793518737151248 0.0675 0.23308300000000004
