2 0.0499609375 0.5153121666666667 0.045 0.22416699999999992
2 0.08839843750000001 0.5554684166666667 0.09187499999999998 0.2950000000000001
2 0.3009765625 0.4244274166666666 0.03500000000000003 0.07583300000000011
2 0.3232421875 0.4205725833333333 0.021874999999999978 0.05166700000000005
2 0.3271484375 0.4310934166666667 0.030000000000000027 0.07749999999999997
2 0.3702734375 0.41958333333333336 0.030624999999999958 0.106667
2 0.5631640625 0.392083 0.018125000000000058 0.06500000000000002
2 0.5994140625 0.3979684166666666 0.01937500000000003 0.04666700000000009
2 0.6088671875 0.40651075000000003 0.021874999999999978 0.055000000000000014
2 0.7025390625 0.4695833333333333 0.04937500000000006 0.10666700000000007
2 0.743671875 0.4989586666666667 0.05937500000000007 0.11666599999999994
2 0.762109375 0.5116145833333333 0.07437499999999997 0.14583300000000002
