2 0.00390625 0.597969705882353 0.009375 0.07533000000000001
2 0.0397265625 0.5828931176470588 0.035 0.12146900000000004
2 0.1496484375 0.6139555294117646 0.030624999999999986 0.16949100000000006
2 0.1578125 0.568367294117647 0.015625 0.07909600000000008
2 0.205625 0.6373376470588235 0.06312499999999999 0.08945400000000005
2 0.1903125 0.5713084705882352 0.016250000000000014 0.08286199999999999
2 0.2022265625 0.5583055294117647 0.0024999999999999745 0.06873799999999995
2 0.2270703125 0.5742496470588234 0.026874999999999982 0.09039500000000014
2 0.2466796875 0.5540738235294117 0.007499999999999979 0.046138999999999944
2 0.2726171875 0.549017294117647 0.02312499999999995 0.029190000000000077
2 0.287265625 0.6393040588235294 0.05249999999999999 0.23823000000000008
2 0.3291796875 0.6214246470588235 0.03812500000000002 0.18926599999999988
2 0.35171875 0.6377811764705882 0.05624999999999997 0.208098
2 0.3769140625 0.5926053529411764 0.018125000000000002 0.11393600000000005
2 0.3930859375 0.5880135294117647 0.01375000000000004 0.11958600000000012
2 0.4722265625 0.5625895294117647 0.06624999999999998 0.11770300000000003
2 0.481484375 0.5831370588235294 0.011874999999999969 0.08662900000000005
2 0.5062890625 0.5837818235294118 0.018125000000000002 0.09416200000000004
2 0.5216015625 0.5474295294117647 0.003750000000000031 0.019773999999999937
2 0.5316015625 0.5602524117647059 0.003750000000000031 0.04802300000000001
2 0.544453125 0.5629612352941177 0.0050000000000000044 0.042372999999999945
2 0.55640625 0.5709589411764706 0.008750000000000036 0.06591399999999986
