2 0.029296875 0.40768285358711565 0.06 0.27110699999999993
2 0.173125 0.7764304553440703 0.345625 0.4437150000000001
2 0.09226562499999999 0.42356075549048317 0.083125 0.292683
2 0.1677734375 0.41372372474377744 0.091875 0.2692309999999999
2 0.29304687500000004 0.429600626647145 0.09 0.287055
2 0.384140625 0.42685672474377745 0.083125 0.267355
2 0.467421875 0.4583139150805271 0.09125000000000005 0.318949
2 0.5011328125000001 0.33713299414348463 0.04187499999999994 0.09287000000000002
2 0.5366796875 0.4735504304538799 0.10125 0.330207
2 0.6634375 0.5327387496339677 0.14187499999999997 0.38086299999999995
2 0.8160546875 0.5322557803806736 0.10125000000000006 0.404316
2 0.9083203125 0.763753486090776 0.181875 0.46810500000000005
2 0.957265625 0.42958340556368957 0.083125 0.21576
