0 0.1058984375 0.5308145987841946 0.0925 0.157588
0 0.1639453125 0.6395186808510638 0.12062500000000001 0.19163499999999997
0 0.279765625 0.7243242249240122 0.23937500000000003 0.32490199999999997
0 0.2815234375 0.7045075744680851 0.12437499999999999 0.25778199999999996
0 0.4417578125 0.7021334407294832 0.229375 0.30739300000000014
0 0.471015625 0.5201791914893618 0.05125000000000002 0.08560399999999999
0 0.533984375 0.47907538297872343 0.10562500000000002 0.17315199999999997
0 0.6450390625 0.48071954407294826 0.11250000000000004 0.13132300000000005
0 0.7820703125 0.4712335714285714 0.11937500000000001 0.14299700000000004
0 0.882890625 0.4601083282674772 0.1137499999999999 0.1478589999999999
2 0.88625 0.4175454650455927 0.06374999999999997 0.20817199999999997
2 0.47054687500000003 0.40748961094224917 0.8724999999999999 0.6060310000000001
