0 0.13 0.833924344070278 0.1575 0.16697900000000013
0 0.3693359375 0.8393171112737919 0.20124999999999998 0.27673500000000006
0 0.661484375 0.8888335344070278 0.23062499999999997 0.21763600000000002
0 0.765234375 0.8047560248901904 0.07437499999999997 0.11538399999999976
0 0.8815625 0.7856263133235725 0.14249999999999996 0.14352700000000004
2 0.67453125 0.7518119399707175 0.19687500000000002 0.43058199999999996
2 0.0087890625 0.5074089633967789 0.019375 0.06941800000000013
2 0.05125 0.5069960922401171 0.03250000000000001 0.07129500000000015
2 0.0934375 0.5189194172767203 0.015625 0.03470899999999994
2 0.1457421875 0.7111149458272328 0.11562499999999999 0.3424010000000001
2 0.1057421875 0.5189194172767203 0.023124999999999993 0.032832999999999994
2 0.1477734375 0.49761609224011716 0.030625000000000013 0.07129399999999993
2 0.19375 0.5042963499267936 0.03312499999999999 0.07692300000000009
2 0.34097656249999997 0.7360752342606149 0.2225 0.370544
2 0.2396875 0.5124666749633968 0.015625 0.040337999999999936
2 0.25289062500000004 0.5114154172767204 0.020624999999999977 0.03470899999999986
2 0.3001171875 0.49052296339677887 0.021875000000000033 0.06941800000000005
2 0.3475 0.49532722108345534 0.03187500000000004 0.07504699999999996
2 0.7443359375 0.7110967247437774 0.10749999999999993 0.2692309999999999
2 0.869140625 0.7012596939970717 0.11375000000000002 0.24390300000000004
2 0.8911328125 0.2730271595900439 0.010624999999999996 0.027203999999999957
2 0.9017578125 0.2692751595900439 0.011249999999999982 0.029080000000000075
2 0.9332421875 0.25190719033674963 0.021874999999999978 0.05065699999999998
2 0.9633203125 0.24733044802342605 0.026874999999999982 0.05628499999999996
2 0.99515625 0.25197728843338213 0.008125000000000049 0.03001899999999998
