0 0.521875 0.5148454377745242 0.46875 0.71576
2 0.0419921875 0.21772510541727672 0.085 0.36679200000000006
2 0.046640625 0.3115246017569546 0.08312499999999999 0.174484
2 0.143125 0.22665879209370424 0.06375 0.22514000000000006
2 0.158671875 0.1307098345534407 0.02812500000000001 0.066604
2 0.190078125 0.24607839970717424 0.0675 0.305816
2 0.366953125 0.185514270863836 0.0675 0.30394
2 0.538828125 0.3892125358711566 0.41125 0.69606
2 0.40375 0.18661068814055637 0.125625 0.335835
2 0.462578125 0.09809663250366032 0.06687500000000002 0.197936
2 0.5077343750000001 0.11546460175695462 0.07437500000000002 0.174484
2 0.612578125 0.17666811713030744 0.06687500000000002 0.18667900000000004
3 0.4907421875 0.5811682591508052 0.45999999999999996 0.48499100000000006
