2 0.03515625 0.5508224692082111 0.070625 0.19906100000000013
2 0.09703125 0.4795255395894428 0.07062500000000001 0.17652600000000002
2 0.128359375 0.6036734633431085 0.106875 0.2826290000000001
2 0.1981640625 0.5591715073313783 0.080625 0.14647900000000003
2 0.292265625 0.46338291788856306 0.08250000000000002 0.19248800000000005
2 0.31015625 0.5731914369501466 0.10249999999999998 0.16619700000000004
2 0.3776953125 0.5665679560117302 0.08812500000000001 0.13990599999999997
2 0.4448046875 0.5217426480938416 0.06874999999999998 0.10422499999999994
2 0.6249609375 0.6410139501466277 0.07687499999999992 0.22535299999999991
2 0.6262109375 0.48154726979472146 0.04625000000000001 0.08826299999999997
2 0.7110546875 0.5731545454545455 0.06937499999999996 0.09107900000000001
