2 0.06249975 0.4817181184371185 0.08593800000000001 0.23730499999999988
2 0.097265625 0.5222461208791209 0.05156300000000001 0.242188
2 0.1509768125 0.5234731465201465 0.073437 0.29492199999999996
2 0.23125025000000002 0.5681340769230768 0.040624999999999994 0.15429700000000013
2 0.2375 0.5134450720390721 0.03125 0.14550800000000003
2 0.2861333125 0.4104090354090354 0.027343000000000006 0.07128900000000007
2 0.3072268125 0.47877907936507935 0.042186999999999975 0.16113300000000003
2 0.46425731249999996 0.6155713821733821 0.33906300000000006 0.765625
2 0.540234875 0.4338500500610501 0.028905999999999987 0.10253899999999994
2 0.6705080625 0.4423980634920635 0.019531000000000076 0.12792999999999988
2 0.688672375 0.4426410598290598 0.012499000000000038 0.1210940000000001
2 0.720312 0.4592500891330892 0.03203200000000006 0.17871099999999993
2 0.7541020625 0.48854809401709404 0.019530999999999965 0.189453
2 0.7732419375 0.6142800927960929 0.04531299999999994 0.18652399999999997
2 0.85468775 0.6682832893772894 0.18125000000000013 0.579102
2 0.8615231874999999 0.4211480207570208 0.02187500000000009 0.042967999999999985
2 0.9093752500000001 0.4997881306471307 0.10312500000000002 0.2626949999999999
