0 0.6338671874999999 0.6449996666666666 0.36625 0.585
0 0.4328515625 0.35880175 0.128125 0.21250000000000005
2 0.40671875 0.2761455 0.11874999999999997 0.266667
2 0.3737890625 0.15994791666666666 0.01937500000000003 0.06000000000000002
2 0.57171875 0.6126041666666667 0.399375 0.7575
2 0.4070703125 0.15802116666666668 0.02625000000000005 0.069166
2 0.44234375 0.15937466666666664 0.023749999999999993 0.05333400000000001
2 0.5080859375 0.26656283333333336 0.13937500000000003 0.36999999999999994
2 0.6837890625 0.31994758333333334 0.3631249999999999 0.52
2 0.694375 0.11473958333333334 0.032500000000000084 0.05166700000000002
2 0.98609375 0.16385383333333334 0.025000000000000022 0.153334
