2 0.5097265625 0.5613185592972182 0.09687499999999999 0.333021
2 0.035625000000000004 0.41128515373352853 0.0325 0.11726100000000002
2 0.0590625 0.4682287613469986 0.04750000000000001 0.20168800000000012
2 0.112421875 0.500807307467057 0.06 0.23452199999999995
2 0.214765625 0.47317321522694006 0.05250000000000002 0.16416499999999995
2 0.6632421875 0.5909439092240117 0.08562500000000006 0.40994300000000006
2 0.76359375 0.551053222547584 0.21187500000000004 0.552533
2 0.856015625 0.5553919458272328 0.1462500000000001 0.340526
3 0.042421875 0.4958533499267935 0.05875 0.07879900000000012
3 0.05875 0.5253202825768667 0.06375 0.12101300000000009
3 0.1176171875 0.5711019267935579 0.08499999999999999 0.13508499999999993
3 0.22125 0.5504639267935579 0.06374999999999997 0.1360229999999999
3 0.5077734375 0.6267657613469986 0.12312499999999998 0.19981199999999996
3 0.7003515625 0.6990601420204977 0.22125000000000006 0.300187
3 0.8209375 0.6549778594436311 0.109375 0.180113
3 0.8744140625 0.6591599516837482 0.20625000000000004 0.251407
