2 0.90875 0.3881759267935578 0.06437500000000007 0.13695999999999994
2 0.094375 0.4301873499267935 0.033125 0.07692300000000009
2 0.1121875 0.41765057686676427 0.0175 0.05909900000000001
2 0.13082031249999998 0.43142396339677885 0.025624999999999995 0.06754200000000002
2 0.1721875 0.3887980922401171 0.016875 0.07317
2 0.1845703125 0.3795572884333821 0.02562500000000001 0.030956000000000067
2 0.2380859375 0.44353064421669114 0.014999999999999986 0.01688599999999993
2 0.252734375 0.5108623499267935 0.044375 0.07880000000000001
2 0.2803125 0.5135630922401171 0.04812499999999997 0.07129499999999998
2 0.2688671875 0.44083090190336743 0.02250000000000002 0.022514000000000034
2 0.2858203125 0.35134419033674963 0.026874999999999982 0.05159499999999991
2 0.3263671875 0.35157270571010246 0.023125000000000007 0.06285099999999996
2 0.4536328125 0.3203430307467057 0.010000000000000009 0.025328999999999977
2 0.4759375 0.3260862884333821 0.016249999999999987 0.03001800000000005
2 0.817421875 0.43096793265007316 0.028125000000000067 0.04409000000000001
2 0.859765625 0.5913539941434846 0.08250000000000002 0.09287100000000004
2 0.874375 0.38167902489019034 0.03312499999999996 0.11538399999999993
2 0.98734375 0.4440048960468521 0.02375000000000005 0.11257
