0 0.091796875 0.8947601478770132 0.185 0.20825500000000013
0 0.1584765625 0.40099309224011714 0.0975 0.07035600000000003
0 0.407890625 0.8617168535871158 0.33375000000000005 0.2720450000000001
0 0.575625 0.3779961229868228 0.03125 0.095685
0 0.6927734375 0.6371720805270863 0.15500000000000003 0.25422100000000003
2 0.09375 0.6288104685212299 0.189375 0.7392120000000001
2 0.33480468750000003 0.29612095168374813 0.600625 0.251407
2 0.047265625 0.2589561595900439 0.020625000000000004 0.028142000000000056
2 0.06273437500000001 0.2522931229868228 0.043750000000000004 0.09380900000000002
2 0.1058984375 0.3244473074670571 0.06187500000000001 0.23452200000000004
2 0.1532421875 0.2357758345534407 0.053125000000000006 0.066604
2 0.1751953125 0.34717160175695466 0.08812499999999998 0.17542200000000002
2 0.14421875 0.2723608345534407 0.02437499999999998 0.06472800000000005
2 0.215078125 0.2806454172767204 0.036250000000000004 0.032832999999999994
2 0.2384765625 0.2531168653001464 0.03500000000000003 0.08818000000000002
2 0.2896875 0.3404913440702782 0.11125000000000002 0.16885499999999992
2 0.42390625000000004 0.6753544743777452 0.3524999999999999 0.6472800000000001
2 0.2784375 0.2585615095168375 0.04749999999999999 0.10506599999999999
2 0.3076171875 0.3885790805270864 0.08437499999999998 0.2542219999999999
2 0.3051953125 0.2071508653001464 0.02562500000000001 0.08818
2 0.365390625 0.2805052210834554 0.05124999999999996 0.07504699999999996
2 0.422421875 0.3632510805270864 0.15375 0.254221
2 0.3816796875 0.2367839326500732 0.03812500000000002 0.04596600000000004
2 0.38625 0.211867803806735 0.03187500000000004 0.04221299999999996
2 0.4413671875 0.22740293265007322 0.021875000000000033 0.045966
2 0.477890625 0.25837715373352854 0.05125000000000002 0.11726099999999998
2 0.4648828125 0.2072469019033675 0.010624999999999996 0.021575999999999974
2 0.509765625 0.22586870571010248 0.020625000000000004 0.061914
2 0.5453125 0.30280992679355784 0.078125 0.135084
2 0.5428125 0.3735346383601757 0.04874999999999996 0.10694100000000005
2 0.544296875 0.2717204480234261 0.028124999999999956 0.05722399999999999
2 0.6184375 0.2664342210834553 0.04875000000000007 0.07504700000000004
2 0.6805859375 0.5065600688140556 0.14 0.43621000000000004
2 0.676953125 0.2646023806734992 0.0675 0.10131300000000003
2 0.6557421875 0.22046822108345532 0.021874999999999978 0.07504699999999999
2 0.83890625 0.6784670878477306 0.32062500000000005 0.6397750000000001
2 0.702265625 0.25536157686676425 0.020000000000000018 0.06003699999999999
2 0.7452734375 0.24094008638360173 0.06062500000000004 0.162289
