2 0.4102734375 0.4164907254038179 0.060624999999999984 0.15804299999999996
2 0.0107421875 0.3121850029368576 0.023125 0.042334
2 0.0113671875 0.22751900293685756 0.0225 0.042333000000000016
2 0.0106640625 0.14432143171806167 0.018750000000000003 0.044215000000000004
2 0.0821875 0.15244485903083702 0.015625 0.029162000000000007
2 0.0865625 0.23481628781204114 0.01625 0.031043999999999995
2 0.155234375 0.1629067165932452 0.043125 0.032926000000000025
2 0.16796875 0.49060172980910427 0.05499999999999999 0.22013199999999994
2 0.1621875 0.23816571659324523 0.017499999999999988 0.03292599999999996
2 0.1585546875 0.29814400146842873 0.007499999999999979 0.02163600000000004
2 0.201796875 0.3641774375917768 0.058750000000000024 0.126999
2 0.28828125 0.5669831659324522 0.195625 0.32549400000000006
2 0.2166015625 0.17678900146842877 0.03375 0.020695999999999975
2 0.2188671875 0.3025492878120411 0.023125000000000007 0.031044000000000037
2 0.22234375 0.23816571659324523 0.02437499999999998 0.03292599999999996
2 0.27671875 0.4006825814977973 0.05624999999999997 0.14299100000000003
2 0.2616796875 0.16903328634361234 0.007500000000000007 0.009407999999999994
2 0.272421875 0.24046028781204115 0.02812500000000001 0.031043999999999954
2 0.27140625 0.16820714390602057 0.008124999999999993 0.016934000000000025
2 0.273828125 0.30901943024963285 0.0050000000000000044 0.02351800000000005
2 0.3208984375 0.19037257268722466 0.029374999999999984 0.01787400000000003
2 0.32015625 0.24381071659324524 0.008125000000000049 0.03292499999999998
2 0.32015625 0.3094320014684288 0.009375000000000022 0.02163700000000002
2 0.3651953125 0.1937220014684288 0.026875000000000038 0.021637
2 0.3623828125 0.3079635726872247 0.010000000000000009 0.019755999999999992
2 0.3597265625 0.24305357268722463 0.0037499999999999756 0.018814000000000074
2 0.4029296875 0.306724859030837 0.007499999999999951 0.027281000000000003
2 0.4061328125 0.19665885903083702 0.010000000000000009 0.029162999999999988
2 0.4054296875 0.25246057268722466 0.006249999999999978 0.01881500000000001
2 0.411953125 0.2566361439060206 0.0050000000000000044 0.015052000000000017
2 0.4355078125 0.3080784302496329 0.010000000000000009 0.023518000000000008
2 0.4341015625 0.19789757268722463 0.003750000000000031 0.019755999999999992
2 0.4373046875 0.24899628634361232 0.006249999999999978 0.009407000000000016
2 0.4423046875 0.19789757268722463 0.006249999999999978 0.019755999999999992
2 0.556171875 0.6487567474302496 0.15249999999999997 0.46472300000000005
2 0.528671875 0.3915964346549192 0.05999999999999994 0.08748800000000005
2 0.646796875 0.43418086930983846 0.09062499999999996 0.17215500000000006
2 0.8211328125 0.6464635961820852 0.198125 0.34901200000000004
2 0.932421875 0.5191673024963289 0.12187500000000007 0.235184
