3 0.0078125 0.32036670588235294 0.015625 0.025807
3 0.08484375 0.6399388571428571 0.08625 0.11720399999999999
3 0.081640625 0.33542070588235295 0.020625000000000004 0.024731
3 0.2456640625 0.7141503697478992 0.23812499999999998 0.22257999999999986
3 0.17703125 0.3056476890756303 0.009374999999999994 0.013978000000000011
3 0.1880859375 0.30887368907563023 0.013750000000000012 0.015053000000000004
3 0.2023828125 0.3056476890756303 0.010624999999999996 0.016129000000000004
3 0.241953125 0.29919568907563027 0.0050000000000000044 0.016129000000000004
3 0.2553125 0.3013466890756302 0.015625 0.016129000000000004
3 0.342109375 0.6858496302521009 0.169375 0.178495
3 0.386875 0.6498144957983194 0.09375 0.09892499999999996
3 0.5137890625 0.6522361848739496 0.11250000000000004 0.11182800000000002
3 0.66875 0.6434988403361344 0.09375 0.106451
3 0.7775390625 0.6241438403361346 0.08187499999999992 0.10752699999999991
3 0.8816796875 0.6088191512605041 0.06937499999999996 0.092473
