0 0.15089843749999998 0.5754454087591241 0.093125 0.1531279999999999
0 0.3496484375 0.5642414087591241 0.09249999999999997 0.15219399999999997
2 0.013671875 0.5027714744525548 0.02875 0.09150399999999996
2 0.0595703125 0.7467665474452555 0.120625 0.2894489999999999
2 0.032695312500000004 0.4663504452554745 0.057499999999999996 0.25396799999999997
2 0.1002734375 0.6812064890510948 0.12312499999999998 0.21195200000000008
2 0.0818359375 0.4704925912408759 0.076875 0.250234
2 0.3248828125 0.5251744452554745 0.44875000000000004 0.25303399999999987
2 0.5598046875 0.5624037372262773 0.10124999999999995 0.24556499999999998
2 0.6179296875 0.5757131532846714 0.10125000000000006 0.2586360000000001
2 0.7259375 0.5982555255474452 0.078125 0.30999000000000004
2 0.836328125 0.6266389197080292 0.16125 0.7432300000000001
2 0.924140625 0.6577604452554745 0.083125 0.25396799999999997
2 0.9719921875 0.5815439343065694 0.053749999999999964 0.06349200000000003
