3 0.0234375 0.5493243499267935 0.0475 0.07879900000000012
3 0.0703125 0.7051960497803806 0.1425 0.23077000000000006
3 0.1140625 0.5269947057101024 0.016875 0.06191300000000011
3 0.121015625 0.4652209019033675 0.02062499999999999 0.020638
3 0.1370703125 0.5545404787701319 0.025624999999999995 0.08161399999999985
3 0.271875 0.8536156266471451 0.189375 0.288931
3 0.2555859375 0.47855547877013177 0.014999999999999986 0.0816140000000001
3 0.2689453125 0.5684982210834554 0.02562500000000001 0.07504699999999996
3 0.2901171875 0.44556506149341146 0.023125000000000007 0.047841999999999996
3 0.3033203125 0.44034793265007316 0.026874999999999982 0.045967000000000015
3 0.3214453125 0.436824448023426 0.025624999999999953 0.057223000000000065
3 0.35796875 0.6853827920937042 0.05499999999999999 0.22326400000000007
3 0.3775390625 0.433255803806735 0.018125000000000002 0.042213999999999974
3 0.4086328125 0.422936803806735 0.010000000000000009 0.041276
3 0.41546875 0.4516490922401172 0.02437499999999998 0.07129499999999998
3 0.445 0.47311183455344075 0.03187499999999999 0.0656659999999999
3 0.4675390625 0.4244009326500732 0.01937500000000003 0.045027999999999985
3 0.4846875 0.4311512884333822 0.017500000000000016 0.030956999999999957
3 0.6057421875 0.42362034992679365 0.11562499999999998 0.07692399999999998
3 0.574765625 0.6110981537335285 0.05125000000000002 0.1172610000000001
3 0.7035546875 0.8283759458272327 0.13187499999999996 0.3405250000000001
3 0.756484375 0.3997824172767203 0.013125000000000053 0.034709000000000025
3 0.8914453125 0.7644899092240117 0.21437499999999998 0.40994300000000006
