0 0.1585546875 0.9210526099706745 0.22625 0.15572200000000017
0 0.724140625 0.9399237507331377 0.333125 0.11632300000000026
2 0.079375 0.4832437653958944 0.126875 0.40431500000000004
2 0.0915625 0.3832532580645162 0.04875 0.2589119999999999
2 0.3126953125 0.6320469149560118 0.40125000000000005 0.733584
2 0.22999999999999998 0.31226725219941354 0.22000000000000003 0.344278
2 0.4137109375 0.5195842521994134 0.13875000000000004 0.34427800000000003
2 0.4651953125 0.3587372961876833 0.057499999999999996 0.20731699999999992
2 0.51296875 0.3614327448680352 0.08625000000000005 0.2016889999999999
2 0.7095703125 0.6495713313782991 0.276875 0.6969980000000001
2 0.6870703125 0.3311860527859238 0.0887500000000001 0.23639700000000002
2 0.89203125 0.5058763167155426 0.16499999999999992 0.4080670000000002
