3 0.13972656249999998 0.5503265777126101 0.03374999999999999 0.12476499999999988
3 0.17515625 0.5619933020527859 0.03937499999999999 0.12288900000000007
3 0.2135546875 0.5445716158357773 0.037500000000000006 0.07317099999999993
3 0.2541015625 0.615417642228739 0.06562499999999999 0.19043199999999996
3 0.26847656249999996 0.5672041671554253 0.06625 0.07692299999999988
3 0.3494140625 0.7222579120234603 0.080625 0.2767349999999999
3 0.4033203125 0.6745801231671554 0.08937499999999998 0.21669799999999997
3 0.4512890625 0.6211557829912024 0.04999999999999999 0.1482179999999999
3 0.5254687499999999 0.8065757712609971 0.14875 0.317073
3 0.6334765625 0.7408294692082112 0.09750000000000003 0.1979359999999998
3 0.7282421875 0.840228219941349 0.27249999999999996 0.31332099999999996
3 0.7729296875 0.718031706744868 0.13187499999999996 0.25422200000000006
3 0.91640625 0.8166660791788855 0.16500000000000004 0.3536579999999999
