3 0.040546874999999996 0.39661491666666665 0.05875000000000001 0.05999999999999998
3 0.088828125 0.3882809166666667 0.036250000000000004 0.06166699999999999
3 0.126171875 0.4390625000000001 0.02750000000000001 0.07833299999999992
3 0.1561328125 0.3904684166666666 0.010000000000000009 0.046667000000000014
3 0.169921875 0.39807258333333334 0.027499999999999997 0.051666999999999984
3 0.2064453125 0.43369758333333336 0.026249999999999996 0.08166699999999993
3 0.2441015625 0.5096875 0.033749999999999974 0.10999999999999995
3 0.274765625 0.4772399166666667 0.019999999999999962 0.09166600000000003
3 0.2943359375 0.4480725833333334 0.01375000000000004 0.04999999999999997
3 0.32953125 0.5960413333333333 0.03999999999999998 0.1366670000000001
3 0.3818359375 0.73046875 0.07750000000000001 0.213333
3 0.417109375 0.4377086666666667 0.012500000000000011 0.053333
3 0.459296875 0.6513541666666667 0.058750000000000024 0.19333299999999998
3 0.499375 0.47796875 0.03125 0.08666700000000005
3 0.55375 0.6157291666666667 0.06375000000000008 0.16333300000000003
3 0.58203125 0.5006246666666666 0.040000000000000036 0.11666700000000008
3 0.666640625 0.8445312499999998 0.11375000000000002 0.29000000000000004
3 0.7522265625 0.6103642499999999 0.06500000000000006 0.16500000000000004
3 0.8004296875 0.9338020833333333 0.13250000000000006 0.12833300000000003
3 0.8468359375 0.6516663333333333 0.07625000000000004 0.16666700000000004
3 0.9453125 0.8231246666666667 0.07874999999999999 0.24166699999999994
