3 0.0283203125 0.3660133429256595 0.058125 0.19846200000000006
3 0.0458984375 0.1486842829736211 0.091875 0.138462
3 0.075078125 0.27827660911270985 0.09875 0.153847
3 0.1062890625 0.1839328537170264 0.113125 0.17076899999999998
3 0.26828125 0.22375169064748207 0.10250000000000001 0.15846199999999994
3 0.349296875 0.8375944628297362 0.21625 0.3215390000000002
3 0.352734375 0.6018044028776979 0.16875 0.261538
3 0.3282421875 0.3094516690647482 0.05375000000000002 0.22000000000000003
3 0.4048828125 0.46465550599520383 0.10374999999999995 0.20923099999999997
3 0.379609375 0.36845938609112705 0.043749999999999956 0.08461600000000001
3 0.422578125 0.5946101582733813 0.09874999999999995 0.24923
3 0.4469140625 0.31841403836930454 0.080625 0.11999999999999998
3 0.4878515625 0.6529826906474819 0.09625 0.16
3 0.471015625 0.24162746762589926 0.05249999999999999 0.08769200000000005
3 0.52421875 0.5219408321342925 0.05624999999999997 0.22769199999999992
3 0.5382421875 0.2361523860911271 0.053750000000000075 0.08461500000000002
3 0.58671875 0.4537063429256595 0.08625000000000005 0.2
3 0.5777734375 0.32904660911270983 0.030625000000000013 0.156923
3 0.65671875 0.330993896882494 0.024375000000000036 0.056923
3 0.7762890625 0.8764657505995204 0.23812500000000003 0.22307699999999994
3 0.6779296875 0.4115811199040768 0.038124999999999964 0.12923099999999996
3 0.7680078125 0.44040605995203835 0.0412499999999999 0.06615400000000007
3 0.8234375 0.5706773045563549 0.04749999999999999 0.07846100000000004
