0 0.364609375 0.5531976744186047 0.41812499999999997 0.7079070000000001
2 0.36453125 0.5084879069767442 0.321875 0.7758139999999999
2 0.1845703125 0.4331395348837209 0.37 0.868837
2 0.6755859375 0.09970937209302326 0.015000000000000013 0.034419000000000005
2 0.6940625 0.09453488372093022 0.015625 0.029766999999999995
2 0.7489453125 0.1094186976744186 0.026875000000000093 0.076279
2 0.770703125 0.12540706976744184 0.03562499999999991 0.10883700000000003
2 0.797578125 0.10180232558139533 0.036250000000000004 0.045580999999999997
2 0.8984765625 0.13924453488372093 0.09625000000000006 0.243721
2 0.962109375 0.2877906976744186 0.07437499999999997 0.575814
