3 0.9285546875 0.8635287535853976 0.09999999999999998 0.2554250000000002
3 0.00390625 0.5900389335071708 0.00875 0.03756300000000004
3 0.069453125 0.7959637822685788 0.09937499999999999 0.2787980000000001
3 0.1221875 0.6145566192959583 0.015625 0.05342199999999999
3 0.1373828125 0.6015668383311603 0.010624999999999996 0.05175300000000006
3 0.1496875 0.5937441525423728 0.016875 0.03422300000000012
3 0.1712890625 0.5930127144719688 0.018125000000000002 0.040900999999999826
3 0.204296875 0.6525808956975229 0.028749999999999998 0.09682799999999989
3 0.2657421875 0.6210755241199479 0.023125000000000007 0.065943
3 0.3284765625 0.6535184576271186 0.03375 0.10350600000000013
3 0.3683203125 0.6210755241199479 0.026249999999999996 0.065943
3 0.4063671875 0.6302019908735332 0.023125000000000007 0.08514199999999988
3 0.47234375 0.7905970677966102 0.08625 0.238731
3 0.50453125 0.6681782385919165 0.040000000000000036 0.10684399999999998
3 0.5705859375 0.656285114732725 0.04625000000000001 0.09515900000000004
3 0.6088671875 0.618467962190352 0.02312499999999995 0.060934999999999996
3 0.6446875 0.7523741720990873 0.048125000000000084 0.14273800000000003
3 0.764453125 0.6771456101694917 0.06812499999999999 0.13772899999999993
