3 0.867890625 0.82463575 0.208125 0.33666600000000013
3 0.0810546875 0.8316666666666667 0.16375 0.33416700000000005
3 0.3486328125 0.42395866666666665 0.698125 0.4908330000000001
3 0.3430078125 0.7939579999999999 0.38625 0.40833400000000014
3 0.7728125 0.6527086666666667 0.453125 0.428333
3 0.6917578125 0.27026041666666667 0.04125000000000001 0.07749999999999997
3 0.7462890625 0.3328649166666667 0.04999999999999993 0.12250000000000001
3 0.7533984375 0.3583336666666667 0.02937499999999993 0.08583299999999998
3 0.852890625 0.3330725833333333 0.051875000000000004 0.05166700000000005
3 0.8531640625 0.27932324999999997 0.05062500000000003 0.07083300000000003
