0 0.49625 0.7053089770114942 0.251875 0.5666970000000001
2 0.8296875 0.5127368275862069 0.109375 0.6209749999999999
2 0.015625 0.28095973563218385 0.0325 0.137075
2 0.1496484375 0.5053963793103449 0.18687499999999999 0.786569
2 0.2672265625 0.1504183103448276 0.09625 0.23550999999999997
2 0.2935546875 0.5315285517241379 0.13125 0.666053
2 0.4038671875 0.4812817356321839 0.14750000000000002 0.6375350000000001
2 0.4704296875 0.6553828620689656 0.25625 0.6485739999999999
2 0.5216796875 0.3498322413793104 0.10000000000000003 0.433302
2 0.59609375 0.5401492413793103 0.14875000000000005 0.6826130000000001
2 0.6571875 0.47823308045977014 0.10999999999999999 0.644894
2 0.7115625 0.510017367816092 0.140625 0.694573
2 0.74390625 0.24776871264367817 0.07187500000000002 0.20147199999999993
