2 0.06739273581213309 0.416875 0.020664000000000002 0.03250000000000003
2 0.10484610371819961 0.436875 0.02943 0.06312499999999999
2 0.10281120939334638 0.419609375 0.021915999999999995 0.044375
2 0.10284989432485322 0.4039453125 0.008140000000000014 0.02562500000000001
2 0.1658586301369863 0.4358984375 0.028804000000000007 0.06124999999999997
2 0.23904268297455972 0.414921875 0.02379499999999997 0.027500000000000024
2 0.23602931506849317 0.3890234375 0.015027999999999956 0.030625000000000013
2 0.25587073581213304 0.4051171875 0.020663999999999995 0.02250000000000002
2 0.26581178864970645 0.4327734375 0.01690600000000002 0.06124999999999997
2 0.2942246301369863 0.4397265625 0.028804000000000034 0.065
2 0.29657273581213306 0.431796875 0.020663000000000074 0.059374999999999956
2 0.33782178864970647 0.424921875 0.016905999999999966 0.05937500000000001
2 0.4761353052837573 0.4607421875 0.19974900000000007 0.11625000000000002
2 0.5276694207436399 0.37328125 0.006887999999999998 0.008124999999999993
2 0.5403493150684932 0.396171875 0.015655000000000124 0.02749999999999997
2 0.54144542074364 0.3724609375 0.006887999999999887 0.01375000000000004
2 0.5876647886497064 0.4547265625 0.016907 0.065
2 0.6144731565557731 0.4811328125 0.025672999999999977 0.07375000000000004
2 0.631145315068493 0.45671875 0.013775000000000074 0.05499999999999999
2 0.6808481565557729 0.46 0.026925000000000077 0.06312499999999999
2 0.7002198943248533 0.398203125 0.008139999999999875 0.036250000000000004
2 0.7131733150684931 0.398125 0.015655000000000124 0.03249999999999997
2 0.7636197886497065 0.3991015625 0.017532999999999993 0.03437499999999999
2 0.7654987886497064 0.4576953125 0.016906000000000077 0.05812499999999998
2 0.7950067358121331 0.4652734375 0.020663999999999995 0.06125000000000003
2 0.9067402622309197 0.471328125 0.01878500000000009 0.06687500000000002
2 0.9492413150684932 0.4723828125 0.015653999999999866 0.04124999999999995
2 0.9601598414872797 0.4794140625 0.012524000000000009 0.04999999999999999
2 0.9677527886497065 0.4841015625 0.016906999999999887 0.03374999999999995
