0 0.09375 0.8314875592972182 0.18875 0.3330210000000001
0 0.2175390625 0.8811441786237189 0.08187500000000003 0.23358400000000015
0 0.2954296875 0.8955838901903368 0.163125 0.20450300000000007
0 0.3598046875 0.7096490307467057 0.03875000000000001 0.025328999999999935
0 0.5251953125 0.9511671229868228 0.24562500000000004 0.09474700000000007
0 0.741015625 0.9254013133235726 0.20750000000000002 0.145403
0 0.7562109375 0.8558248960468522 0.07687500000000003 0.1135079999999999
0 0.8987109375 0.8324255592972182 0.20125000000000004 0.33208300000000013
2 0.111796875 0.7238014187408492 0.215625 0.5121949999999998
2 0.2458984375 0.5832709882869692 0.030625000000000013 0.1829270000000001
2 0.2933203125 0.6034105841874086 0.08812500000000001 0.446529
2 0.3378125 0.7200753572474379 0.171875 0.46529099999999995
2 0.3584375 0.6576344421669106 0.04874999999999996 0.14821700000000002
2 0.5003515625 0.6856303147877013 0.31625000000000003 0.6210129999999999
2 0.4896484375 0.5803255095168375 0.030625000000000013 0.104127
2 0.629921875 0.6771172166910687 0.21625000000000005 0.6416510000000001
2 0.7136328125 0.7103690190336749 0.10499999999999998 0.20544100000000004
2 0.905625 0.7339360629575402 0.1875 0.5243909999999999
