3 0.1816796875 0.24520866666666666 0.03875000000000001 0.05333300000000004
3 0.1998046875 0.22286424999999999 0.03875000000000001 0.04
3 0.2071484375 0.23703125 0.03 0.03916700000000006
3 0.27824218749999996 0.3348955 0.08562500000000003 0.20499999999999996
3 0.3487890625 0.5354684166666667 0.11249999999999999 0.420834
3 0.3373828125 0.2948961666666667 0.07374999999999998 0.16333300000000003
3 0.3465625 0.37005175 0.07874999999999999 0.2750000000000001
3 0.4315234375 0.6950524166666666 0.218125 0.6075
3 0.388359375 0.29526041666666664 0.07500000000000001 0.20166700000000004
3 0.458671875 0.41187466666666667 0.215625 0.42749999999999994
3 0.608515625 0.65734375 0.176875 0.681667
3 0.721328125 0.6608333333333333 0.254375 0.666667
