2 0.1087885625 0.5757815833333334 0.15937600000000002 0.4562499999999999
2 0.1642573125 0.3934895833333334 0.057813 0.17500000000000002
2 0.226953125 0.4999996666666666 0.098438 0.3354169999999999
2 0.26015575 0.42109408333333337 0.056249999999999994 0.22291599999999998
2 0.3281245 0.4877604166666667 0.07812600000000003 0.32708299999999996
2 0.4001953125 0.48020799999999997 0.08906199999999997 0.28333400000000003
2 0.4357421875 0.4401038333333333 0.05312500000000003 0.214584
2 0.5693364375000001 0.6471354166666666 0.15624999999999994 0.670833
2 0.6232426875 0.49062466666666665 0.06874899999999995 0.302084
2 0.740234875 0.57265625 0.12187400000000004 0.4458330000000001
2 0.86796825 0.6458333333333334 0.25937599999999994 0.541667
2 0.7865234375 0.44192675 0.06093700000000002 0.24375
2 0.9066411249999999 0.35624966666666663 0.06718700000000011 0.08541700000000008
2 0.9566401250000001 0.4213538333333333 0.06718799999999991 0.21458400000000002
3 0.041796875 0.414583 0.028125 0.06458400000000004
3 0.151171875 0.6463538333333334 0.121875 0.27708400000000005
3 0.124608875 0.3934895833333334 0.028124999999999997 0.052082999999999956
3 0.182421875 0.5778645833333332 0.121875 0.20833299999999996
3 0.28378956250000004 0.48151075 0.06562399999999996 0.11875000000000006
3 0.55234425 0.5395833333333333 0.16562499999999997 0.10625000000000002
3 0.86171875 0.5083336666666667 0.17968799999999996 0.14791599999999994
