2 0.2537890625 0.5658433413897281 0.11249999999999999 0.5667309999999999
2 0.3591015625 0.626458247734139 0.128125 0.6237919999999999
2 0.35375 0.2751869425981873 0.06374999999999997 0.10154800000000003
2 0.3997265625 0.6046474894259818 0.06625000000000003 0.572534
2 0.4540625 0.6436919335347432 0.11125000000000002 0.5909089999999999
2 0.454140625 0.30079390332326283 0.08249999999999996 0.22147000000000006
2 0.514375 0.590730413897281 0.09437499999999999 0.649904
2 0.5387109375 0.29077227492447133 0.07687500000000003 0.15667299999999998
2 0.57046875 0.6554810634441087 0.11812500000000004 0.576402
2 0.640234375 0.5829294320241692 0.10624999999999996 0.6721470000000002
