2 0.0930078125 0.7426261334488735 0.13499999999999998 0.5138729999999999
2 0.0068359375 0.5584651247833622 0.015 0.04106500000000009
2 0.0242578125 0.7867051681109186 0.041874999999999996 0.41398499999999994
2 0.0237890625 0.5567320225303293 0.019375000000000003 0.03662600000000007
2 0.036484375 0.5549989202772964 0.012499999999999997 0.03440599999999999
2 0.0650390625 0.5572179202772964 0.019374999999999996 0.03218699999999995
2 0.0821875 0.6065224540727903 0.016875 0.08435100000000009
2 0.08078125 0.5567320225303293 0.008750000000000008 0.03662600000000007
2 0.1005859375 0.5250918405545928 0.045 0.06437299999999997
2 0.1346875 0.5409795337954939 0.016875 0.05216500000000007
2 0.15109375 0.5753865337954939 0.024375000000000008 0.054384000000000106
2 0.2805859375 0.8348745095320623 0.10749999999999998 0.325194
2 0.3189453125 0.5641928856152514 0.025624999999999953 0.13207599999999992
2 0.327109375 0.5367366585788561 0.011875000000000024 0.09100999999999998
2 0.3451171875 0.5587800901213172 0.023125000000000007 0.1387349999999998
2 0.3689453125 0.5550404766031196 0.02562500000000001 0.11875699999999999
2 0.3898046875 0.6261150329289427 0.03749999999999998 0.20643800000000004
2 0.4034765625 0.5377094540727902 0.03437499999999999 0.08435100000000009
2 0.4429296875 0.8402873050259966 0.10125 0.3163149999999999
2 0.419921875 0.613454863084922 0.02812500000000001 0.09988899999999995
2 0.5039843749999999 0.8835297487001732 0.13687500000000002 0.22974499999999998
2 0.5885546875 0.6115334644714039 0.038125000000000075 0.2541619999999999
2 0.609453125 0.564466294627383 0.03562499999999991 0.14761399999999997
2 0.628515625 0.562399863084922 0.020625000000000004 0.09988900000000005
2 0.6439453125 0.5569870675909878 0.02562500000000001 0.10654900000000007
2 0.68015625 0.6245191351819758 0.040000000000000036 0.20976699999999987
2 0.7013671875 0.6000422149046792 0.02312499999999995 0.17980000000000007
2 0.8453125 0.5144797383015599 0.016874999999999973 0.0610429999999999
2 0.8837890625 0.5381963518197574 0.018124999999999947 0.08213100000000001
2 0.9001953125 0.5479119428076256 0.02562500000000001 0.06770300000000004
2 0.9213671875 0.5431222495667244 0.02312499999999995 0.077692
2 0.9595703125 0.5454021698440208 0.02562500000000001 0.109878
