2 0.134765625 0.04241435562805873 0.270625 0.086639
2 0.15625 0.18137599836867865 0.314375 0.091858
2 0.232421875 0.6350520228384992 0.465625 0.7212949999999999
2 0.193046875 0.8769154600326264 0.12124999999999997 0.24112699999999992
2 0.4465625 0.5383648564437195 0.017500000000000016 0.040709999999999864
2 0.4870703125 0.5929750342577488 0.02562500000000001 0.08350700000000003
2 0.5164453125 0.7053849983686786 0.02562500000000001 0.09394499999999997
2 0.571015625 0.7228049624796085 0.020625000000000004 0.10334
2 0.58984375 0.7777350342577488 0.024375000000000036 0.08350699999999993
2 0.758203125 0.8193203507340946 0.1925 0.359081
2 0.890390625 0.755330598694943 0.20750000000000002 0.474948
