3 0.64145775 0.5854243790087464 0.11882499999999996 0.16713400000000003
3 0.0498046875 0.9087162827988338 0.100063 0.17927100000000004
3 0.028758 0.39220453352769674 0.033146 0.027076999999999976
3 0.086351125 0.5345659562682216 0.09881199999999998 0.09803900000000007
3 0.38614856249999996 0.793497921282799 0.22264 0.3734829999999999
3 0.5780393125 0.4321731632653061 0.05816100000000002 0.04201700000000002
3 0.8116399999999999 0.9118121049562681 0.3752350000000001 0.17180200000000018
3 0.7795195625 0.8070471137026239 0.22263900000000003 0.35014000000000006
3 0.7344103750000001 0.5312412303206997 0.10631599999999997 0.09523800000000004
3 0.9245924375000001 0.42984835568513124 0.030643999999999783 0.018673999999999906
3 0.9756 0.4323535335276968 0.03189500000000001 0.02707800000000002
