0 0.23835937499999998 0.79315803806735 0.3875 0.4108820000000001
0 0.8115625 0.6499373689604686 0.20375 0.283302
2 0.7005859375 0.30415979795021963 0.07687500000000003 0.13227
2 0.0361328125 0.32362356515373353 0.0725 0.242964
2 0.215703125 0.5607336222547584 0.41125 0.855535
2 0.1241015625 0.29983750951683746 0.06624999999999999 0.10318900000000003
2 0.295390625 0.29441108638360175 0.083125 0.161351
2 0.50875 0.3144787979502196 0.06375000000000003 0.13227000000000003
2 0.862578125 0.31044640556368963 0.06687500000000002 0.2138829999999999
2 0.91875 0.2787175402635432 0.0625 0.126642
