2 0.025390625 0.16263133431085045 0.0525 0.15399100000000004
2 0.0439453125 0.461171853372434 0.089375 0.12863899999999995
2 0.043515625 0.36908878299120235 0.083125 0.14835600000000007
2 0.07703125 0.19782195014662757 0.070625 0.225352
2 0.1259765625 0.4266609560117302 0.09687499999999999 0.13990699999999995
2 0.123828125 0.3289574750733138 0.068125 0.11173800000000006
2 0.1190625 0.17659978299120235 0.04875 0.14835700000000002
2 0.1974609375 0.5785661554252199 0.17062500000000003 0.24882600000000005
2 0.1943359375 0.137779431085044 0.10875000000000001 0.24976500000000001
2 0.1921875 0.35974926392961876 0.04874999999999999 0.174648
2 0.2256640625 0.3770115073313783 0.081875 0.14460099999999992
2 0.27230468750000003 0.44069547507331386 0.10124999999999998 0.11267599999999992
2 0.2809375 0.2538084193548387 0.07937499999999997 0.42159699999999994
2 0.3594921875 0.19995435483870966 0.085625 0.35774700000000004
2 0.425078125 0.312566284457478 0.09875 0.375587
2 0.473125 0.08398943695014663 0.09499999999999997 0.167136
2 0.473671875 0.3359150205278592 0.06 0.2037559999999999
2 0.4966796875 0.4206900146627565 0.06874999999999998 0.28826300000000005
2 0.5376171875 0.4449369824046921 0.11562499999999998 0.2572769999999999
2 0.6600390625 0.48476336363636363 0.30000000000000004 0.727699
2 0.55359375 0.07110271847507332 0.05500000000000005 0.082629
2 0.573359375 0.4929677126099707 0.07562499999999994 0.16995300000000005
2 0.6266015625 0.5760958093841643 0.09625000000000006 0.265728
2 0.637421875 0.07737954545454546 0.059374999999999956 0.09108
2 0.6396484375 0.39709075073313777 0.06187500000000001 0.11549299999999998
2 0.75125 0.07362354545454546 0.06374999999999997 0.09108000000000001
2 0.8456640625 0.1379221612903226 0.11187499999999995 0.161502
2 0.8471484375 0.2937396803519061 0.06187500000000001 0.13708900000000004
2 0.8816015625 0.4909090909090909 0.09750000000000003 0.1830989999999999
2 0.8889453125 0.20043502639296187 0.057499999999999996 0.11924900000000001
2 0.91625 0.12770871260997066 0.0625 0.16901500000000003
2 0.9265625 0.31927230205278595 0.04875000000000007 0.123005
2 0.946484375 0.45886853958944285 0.07562499999999994 0.17746499999999998
2 0.9534375 0.18636461583577713 0.04874999999999996 0.073239
2 0.9695703125 0.3722524369501466 0.05812499999999998 0.165258
2 0.980703125 0.2376463724340176 0.036250000000000004 0.102348
