2 0.3569921875 0.1988125 0.08437499999999998 0.16799999999999998
2 0.4556640625 0.226375 0.14312499999999995 0.12099999999999997
2 0.569609375 0.2035625 0.04437500000000005 0.15599999999999997
2 0.61203125 0.2205 0.039999999999999925 0.12699999999999995
2 0.6403515625 0.2123125 0.03437499999999993 0.14099999999999996
2 0.7279296875 0.2069375 0.06937500000000008 0.172
2 0.788515625 0.2126875 0.05124999999999991 0.16199999999999998
2 0.843515625 0.21781250000000002 0.05125000000000002 0.16799999999999998
2 0.8790234375 0.244 0.030625000000000013 0.20299999999999999
2 0.9229296875 0.20550000000000002 0.038124999999999964 0.07599999999999998
2 0.92890625 0.29625 0.04062499999999991 0.06299999999999999
2 0.983125 0.2531875 0.03187499999999999 0.18599999999999997
