0 0.8376953125 0.6327687776141384 0.3075 0.567925
0 0.0283203125 0.4273956833578793 0.056875 0.31698099999999996
0 0.1903125 0.4047864506627394 0.32875 0.512264
0 0.3366015625 0.40520561266568483 0.41 0.629246
0 0.5464453125 0.48454026951399115 0.30750000000000005 0.5622640000000001
0 0.6203515625 0.5873283991163475 0.37749999999999995 0.6556609999999999
2 0.184453125 0.3292048586156112 0.286875 0.6264149999999999
2 0.2034375 0.717092321060383 0.171875 0.417925
2 0.2924609375 0.35943572901325477 0.3275 0.531132
2 0.51171875 0.45303589396170835 0.21125000000000005 0.469811
2 0.5735546874999999 0.553077764359352 0.28875 0.376415
2 0.7979296875 0.5384814801178203 0.28812499999999996 0.7132080000000001
2 0.8155078125 0.28743307511045657 0.26 0.419811
