2 0.1941796875 0.6641044055636895 0.07 0.21576
2 0.2293359375 0.6476312767203515 0.04500000000000001 0.21294499999999994
2 0.2750390625 0.6510155651537336 0.04999999999999999 0.2401499999999999
2 0.3267578125 0.7001113997071743 0.073125 0.305817
2 0.374921875 0.6332175036603221 0.05874999999999997 0.1960599999999999
2 0.51671875 0.7208377188872621 0.08687500000000004 0.35741100000000003
2 0.6401171875 0.641336951683748 0.08437499999999998 0.2504690000000001
2 0.7389453125 0.6197868901903367 0.057499999999999996 0.204503
2 0.796875 0.5972728901903367 0.06437499999999996 0.20356400000000005
2 0.842265625 0.6369705036603222 0.05249999999999999 0.19418400000000002
