2 0.8951953125 0.7633675534407026 0.150625 0.42213900000000004
2 0.323046875 0.7222741229868229 0.02812500000000001 0.09380899999999993
2 0.3640625 0.1501553806734993 0.016249999999999987 0.10225199999999998
2 0.4280078125 0.6612385285505124 0.10375000000000001 0.30956799999999995
2 0.4693359375 0.13775880380673497 0.014999999999999958 0.041276
2 0.4912890625 0.7236509326500732 0.019374999999999976 0.045966000000000125
2 0.50703125 0.5910823191800879 0.008124999999999938 0.05534700000000003
2 0.5480078125 0.30252003074670575 0.010000000000000009 0.02345199999999997
2 0.6335546875 0.6882227306002928 0.16375000000000006 0.17636000000000013
2 0.589609375 0.39779215959004394 0.013125000000000053 0.02720499999999997
2 0.6223828125 0.45103564421669107 0.009999999999999898 0.015946999999999982
2 0.6508203125 0.7430523191800879 0.057499999999999996 0.05534700000000003
2 0.640859375 0.49324964421669104 0.011874999999999969 0.015946999999999982
2 0.65453125 0.5242066442166909 0.008750000000000036 0.015009000000000088
2 0.66640625 0.5476586442166911 0.008750000000000036 0.015009000000000005
2 0.6873828125 0.5558030307467057 0.011249999999999982 0.025328000000000045
2 0.710078125 0.5848840307467057 0.036250000000000004 0.02532799999999996
2 0.7325390625 0.7399397057101026 0.018750000000000044 0.06378999999999978
2 0.7318359375 0.7502587057101024 0.015000000000000013 0.06285200000000006
2 0.7520703125 0.09783267496339677 0.026874999999999982 0.03846199999999999
2 0.7534375 0.2805321595900439 0.01750000000000007 0.02907999999999999
2 0.75203125 0.484806644216691 0.008749999999999925 0.01688500000000004
2 0.75328125 0.4427069019033675 0.008750000000000036 0.022514000000000034
2 0.75453125 0.38173090190336756 0.008750000000000036 0.021575999999999974
2 0.7605078125 0.7308573191800878 0.011249999999999982 0.05440900000000005
2 0.7644140625 0.7256843499267936 0.018750000000000044 0.076923
2 0.7770703125 0.7273769941434847 0.02562500000000001 0.09193199999999992
