2 0.068125 0.871561131897712 0.12562500000000001 0.2540919999999998
2 0.1318359375 0.8955700215343202 0.139375 0.20499500000000015
2 0.2053125 0.8906176016150741 0.11125000000000002 0.21619299999999983
2 0.27816406250000003 0.898422336473755 0.14375000000000002 0.1989669999999999
2 0.2596484375 0.6337823970390309 0.06187500000000001 0.273901
2 0.3735546875 0.898422336473755 0.10000000000000003 0.1989669999999999
2 0.4628125 0.8851802866756393 0.14250000000000002 0.2256679999999999
2 0.635859375 0.673509866756393 0.07562499999999994 0.23428099999999977
2 0.7301171875 0.2640564966352625 0.08562500000000006 0.220499
2 0.816328125 0.6567690820995963 0.09875 0.2825149999999999
2 0.889140625 0.21701114804845223 0.20875 0.4065460000000001
