2 0.087265625 0.42973958333333334 0.020000000000000004 0.051666999999999984
2 0.10078125 0.5013024166666668 0.039999999999999994 0.17166599999999996
2 0.148984375 0.49994758333333333 0.04375000000000001 0.14500000000000002
2 0.1825390625 0.4398961666666667 0.018750000000000017 0.03666599999999994
2 0.236171875 0.4700524166666667 0.02874999999999997 0.10833300000000001
2 0.5323046874999999 0.5515621666666667 0.16250000000000003 0.28833400000000003
2 0.493671875 0.5295315833333333 0.028750000000000053 0.2066660000000001
2 0.5057812500000001 0.5823440833333333 0.03999999999999998 0.221666
2 0.5138671875 0.4705729166666666 0.05375000000000002 0.09333300000000004
2 0.5466015625 0.5356770833333333 0.03374999999999995 0.22166700000000006
2 0.581796875 0.535 0.05874999999999997 0.25166700000000003
