0 0.9105859375 0.5407246024844721 0.13874999999999993 0.25049699999999997
2 0.013671875 0.6287646770186335 0.02875 0.203777
2 0.0419140625 0.610124857142857 0.05 0.21471200000000004
2 0.072265625 0.6167193664596273 0.020000000000000004 0.14711699999999994
2 0.11625 0.6176542111801242 0.031875 0.12027800000000005
2 0.1561328125 0.6029385155279503 0.010624999999999996 0.05566600000000001
2 0.192578125 0.5968965217391303 0.03562500000000002 0.17395700000000006
2 0.2280859375 0.6011322608695652 0.044999999999999984 0.08846900000000002
2 0.8173828125 0.48045309316770185 0.07250000000000001 0.31809100000000007
2 0.87109375 0.5054392422360249 0.08750000000000002 0.22365799999999997
2 0.88140625 0.4731243229813665 0.07062500000000005 0.299204
