0 0.3915625 0.7906246666666666 0.07937500000000003 0.11583399999999999
2 0.7632421875 0.6650520833333333 0.05312500000000009 0.19083300000000003
2 0.0347265625 0.66765625 0.03375 0.196667
2 0.064296875 0.658333 0.028124999999999997 0.12749999999999995
2 0.158125 0.6518753333333334 0.06312500000000001 0.13750000000000004
2 0.17359375 0.6410413333333334 0.024375000000000008 0.13666699999999996
2 0.2520703125 0.6380725833333334 0.026874999999999982 0.0499999999999999
2 0.285078125 0.6354684166666668 0.036250000000000004 0.04666699999999994
2 0.323125 0.6481253333333333 0.03250000000000003 0.07416600000000002
2 0.36703125 0.7416149166666667 0.10187500000000005 0.18749999999999992
2 0.4203515625 0.6300003333333334 0.034999999999999976 0.04333299999999999
2 0.5395703125 0.64432325 0.02562500000000001 0.07250000000000001
2 0.567734375 0.6743225833333334 0.043749999999999956 0.11333399999999998
2 0.5879296875 0.6588545 0.03875000000000006 0.11083299999999996
2 0.6275 0.6417711666666667 0.03125 0.13249999999999998
2 0.6462109375 0.6651565833333334 0.04625000000000001 0.11250000000000004
2 0.6783984375 0.65661425 0.02937500000000004 0.1016670000000001
2 0.6913671875 0.5975003333333334 0.021874999999999978 0.04333299999999992
2 0.6972265625 0.6556770833333334 0.03437499999999993 0.09833299999999993
2 0.961484375 0.6173958333333333 0.04375000000000007 0.12083300000000004
2 0.9539453125 0.5893746666666666 0.02562500000000001 0.05333399999999999
2 0.9641015625 0.5943746666666666 0.03500000000000003 0.05333399999999999
