2 0.45859375 0.9000517499999999 0.05562499999999998 0.15000000000000005
2 0.095703125 0.5683850833333334 0.193125 0.6924999999999999
2 0.161484375 0.24562533333333336 0.044375 0.07416599999999995
2 0.229375 0.8208333333333334 0.06375000000000003 0.16749999999999984
2 0.2365234375 0.7392184166666667 0.060624999999999984 0.108334
2 0.267109375 0.3614065833333333 0.012500000000000011 0.04999999999999997
2 0.279765625 0.3617190833333333 0.020625000000000004 0.06750000000000005
2 0.2881640625 0.41515625000000006 0.01937500000000003 0.07083299999999992
2 0.315078125 0.5901038333333334 0.03562500000000002 0.089167
2 0.3137890625 0.42369825 0.018125000000000002 0.04166599999999998
2 0.3358203125 0.57963575 0.026874999999999982 0.088333
2 0.3777734375 0.5534895833333333 0.02937500000000004 0.11333299999999998
2 0.3794140625 0.39234375 0.01937500000000003 0.05666700000000002
2 0.39046875 0.3982291666666667 0.024375000000000036 0.03833299999999995
2 0.4198046875 0.6611975833333333 0.03749999999999998 0.08083400000000007
2 0.498671875 0.62296875 0.18374999999999997 0.46333299999999994
2 0.421796875 0.3893229166666667 0.028749999999999998 0.030833000000000037
2 0.4431640625 0.34770866666666667 0.018125000000000002 0.053333
2 0.4508984375 0.6639583333333333 0.030624999999999958 0.0741670000000001
2 0.451796875 0.3999996666666667 0.02812500000000001 0.08583400000000004
2 0.4618359375 0.37822916666666667 0.013749999999999984 0.03750000000000001
2 0.4787890625 0.39645833333333336 0.018125000000000002 0.07333299999999994
2 0.6251953125 0.4666149166666667 0.02562500000000001 0.06166599999999992
2 0.649140625 0.66 0.051875000000000004 0.12583299999999994
2 0.6598828125 0.72744825 0.04249999999999998 0.10166599999999996
2 0.6609765625 0.6774479166666666 0.03374999999999995 0.06000000000000005
2 0.69625 0.5255205 0.03249999999999997 0.11000000000000003
2 0.748984375 0.7310413333333333 0.043749999999999956 0.13666700000000018
2 0.7541015625 0.6433336666666666 0.03499999999999992 0.08583300000000005
2 0.752421875 0.54578125 0.028749999999999942 0.10333300000000005
2 0.77375 0.7080204999999999 0.03249999999999997 0.11000000000000003
2 0.7759765625 0.6235934166666667 0.03374999999999995 0.07583399999999996
2 0.792421875 0.6091666666666667 0.028749999999999942 0.08416699999999995
2 0.8241015625 0.5338545 0.03500000000000003 0.10999999999999995
2 0.8264453125 0.66078125 0.026249999999999996 0.10166699999999995
2 0.88125 0.4013538333333333 0.09562500000000007 0.15333400000000008
2 0.8641015625 0.5362503333333334 0.03374999999999995 0.10499999999999998
2 0.8626953125 0.6009895833333334 0.026874999999999982 0.1133329999999999
2 0.9140234375 0.5994274166666668 0.02937499999999993 0.07749999999999997
2 0.920859375 0.5039583333333334 0.043749999999999956 0.07416700000000002
2 0.9323828125 0.6241666666666666 0.04125000000000001 0.08416700000000003
2 0.960703125 0.6481253333333333 0.036250000000000004 0.07416600000000002
