2 0.57074675 0.8833043125 0.08660100000000004 0.183006
2 0.2707501875 0.883885 0.08496800000000002 0.2205879999999999
2 0.3233573125 0.935049 0.08823500000000001 0.12581699999999996
2 0.48256831249999993 0.0693359375 0.05719000000000013 0.138889
2 0.5136526875 0.5328072500000001 0.03758200000000006 0.102941
2 0.5397583125000001 0.064453125 0.057188999999999934 0.130719
2 0.528697 0.5036951875 0.03268000000000004 0.11601400000000006
2 0.6005344375 0.92389175 0.062091999999999925 0.14869299999999996
2 0.594732625 0.1240486875 0.01960799999999996 0.07026199999999999
2 0.6381931875 0.0809274375 0.022876000000000007 0.06209099999999999
2 0.656467125 0.12309131250000001 0.03594799999999998 0.05718999999999998
2 0.6676051875 0.3260254375 0.022876000000000007 0.06209099999999995
2 0.6770900625 0.283279875 0.017973999999999934 0.027778000000000025
2 0.6865365625000001 0.3292550625 0.03431299999999993 0.08169900000000002
2 0.68655575 0.07728275 0.024509000000000003 0.08660100000000001
2 0.7427681875000001 0.390688625 0.022876000000000007 0.08333399999999996
2 0.9230686874999999 0.561581 0.07026100000000002 0.09477100000000005
2 0.916909375 0.7670863125 0.04411699999999996 0.11928099999999986
2 0.9443490625000001 0.6317652500000001 0.05065299999999984 0.13398699999999997
