2 0.6859765625 0.5771573430656934 0.06624999999999992 0.21381899999999995
2 0.129375 0.5186243868613138 0.22062500000000002 0.5742299999999999
2 0.3933203125 0.528945802919708 0.11937500000000001 0.18580699999999994
2 0.3625390625 0.42831289051094895 0.04999999999999999 0.10364099999999998
2 0.410390625 0.4491579927007299 0.05249999999999999 0.14192300000000002
2 0.530234375 0.5085745328467154 0.07437500000000002 0.16993499999999995
2 0.6024609375 0.539098094890511 0.07687500000000003 0.180205
2 0.7340625 0.8003436715328469 0.2350000000000001 0.3081229999999999
2 0.7860546875 0.6194637810218978 0.10125000000000006 0.20634899999999992
2 0.9358203125 0.6460816131386862 0.12 0.229692
