2 0.7138671875 0.35895473060029287 0.053749999999999964 0.17635999999999996
2 0.05078125 0.537393307467057 0.1025 0.23639700000000002
2 0.193203125 0.6813511859443631 0.255 0.619137
2 0.1490234375 0.3749987672035139 0.06187500000000001 0.10975599999999995
2 0.2630859375 0.3816348653001464 0.04500000000000001 0.0881799999999999
2 0.33046875 0.5005797920937042 0.14875000000000005 0.22514100000000015
2 0.357421875 0.3689137364568082 0.09125 0.08630400000000002
2 0.470390625 0.5071198535871156 0.11500000000000005 0.2711070000000001
2 0.596484375 0.3816348653001464 0.04375000000000007 0.0881799999999999
2 0.5990625 0.41336373060029274 0.04749999999999999 0.17823600000000012
2 0.6528515625 0.4748830805270864 0.12812500000000004 0.2542210000000001
2 0.8212109375 0.5433553631039532 0.13875000000000004 0.37242
2 0.80890625 0.3927075095168375 0.04062499999999991 0.10412799999999993
2 0.9180859375 0.42281482869692527 0.07687500000000003 0.15759800000000004
