0 0.060703125 0.735924700729927 0.068125 0.1465920000000001
2 0.013671875 0.48406111678832114 0.02875 0.15873
2 0.0869140625 0.6276076715328467 0.175 0.308123
2 0.069921875 0.5072627153284671 0.060000000000000005 0.26797400000000005
2 0.138515625 0.5629599197080292 0.11499999999999999 0.34267
2 0.16593750000000002 0.5193123357664232 0.11 0.353875
2 0.4228125 0.49662192700729935 0.078125 0.20261400000000002
2 0.4434375 0.4403468467153285 0.048750000000000016 0.1456580000000001
2 0.5097265625 0.5229806496350364 0.06562499999999999 0.32773100000000005
2 0.5668359375 0.48836696350364966 0.07687499999999992 0.30252099999999993
2 0.629921875 0.547011598540146 0.05875000000000008 0.10924400000000005
2 0.8362890625 0.5447364525547445 0.04999999999999993 0.11111199999999999
2 0.9840234375 0.5029351751824818 0.030000000000000027 0.23716199999999996
