0 0.23609375 0.7162841718061674 0.18 0.4073370000000001
0 0.4509375 0.6650044419970631 0.14249999999999996 0.18908800000000012
0 0.8546484375 0.754624456681351 0.21750000000000003 0.39510799999999985
2 0.3301953125 0.2904771644640235 0.12062499999999998 0.30385699999999993
2 0.195078125 0.468914610866373 0.130625 0.5531520000000001
2 0.251484375 0.6251928883994126 0.168125 0.44026300000000007
2 0.54796875 0.8410348795888398 0.49250000000000005 0.31514600000000004
2 0.332734375 0.3756044346549192 0.043749999999999956 0.08748800000000001
2 0.3458203125 0.3815471483113069 0.057499999999999996 0.079021
2 0.4430078125 0.5768254566813509 0.16749999999999998 0.3951090000000001
2 0.4430859375 0.36988759618208517 0.13874999999999993 0.3490130000000001
2 0.41625 0.394258718061674 0.03249999999999997 0.054561999999999965
2 0.45375 0.38209771659324515 0.033125000000000016 0.03292600000000009
2 0.5506249999999999 0.4032271674008811 0.12687500000000002 0.345249
2 0.532578125 0.4268170058737152 0.06812499999999999 0.08278399999999998
2 0.540078125 0.42094329074889875 0.03562500000000002 0.07337699999999993
2 0.6144140625 0.6679384596182085 0.17437500000000006 0.4365010000000001
2 0.6059375 0.44017086196769456 0.04749999999999999 0.06773299999999999
2 0.6193359375 0.45210214831130685 0.04499999999999993 0.07714000000000006
2 0.6589453125 0.4161674522760646 0.08937499999999998 0.33396100000000006
2 0.7 0.4586871483113069 0.0625 0.07902200000000001
2 0.701484375 0.46245014831130693 0.043749999999999956 0.07713999999999988
2 0.75375 0.5326100367107195 0.09375 0.516463
2 0.7304296875 0.34674014831130695 0.03749999999999998 0.07714000000000001
2 0.8711328125 0.604289892804699 0.229375 0.5014109999999999
