0 0.053359375 0.5986361002949853 0.10625 0.23607200000000012
0 0.19972656249999998 0.5825831002949853 0.2525 0.23701599999999998
0 0.3233984375 0.5449914690265487 0.12312499999999998 0.22379599999999988
0 0.5459765624999999 0.6822394867256637 0.284375 0.38149199999999994
0 0.87296875 0.48639931268436576 0.11812500000000004 0.14919800000000003
2 0.5556640625 0.6090898731563422 0.23812500000000003 0.5259679999999999
2 0.033203125 0.4972210029498525 0.066875 0.362607
2 0.061640625000000004 0.40135079646017696 0.08374999999999999 0.16902800000000007
2 0.1234765625 0.43427576401179946 0.06562499999999999 0.2105759999999999
2 0.2115625 0.47538615044247784 0.17312500000000003 0.3559959999999999
2 0.3012109375 0.4491962153392331 0.10875000000000001 0.27289900000000006
2 0.30921875 0.4059723038348082 0.024375000000000036 0.06893300000000002
2 0.3553125 0.4142202389380531 0.048750000000000016 0.15108600000000008
2 0.4109375 0.4188243864306785 0.048750000000000016 0.14542099999999997
2 0.4580078125 0.4097872802359882 0.10499999999999998 0.18980199999999986
2 0.4598046875 0.41333875516224194 0.03812500000000002 0.13125599999999993
2 0.8681640625 0.42624517404129797 0.08062499999999995 0.23418299999999995
2 0.961484375 0.45048359292035395 0.07500000000000007 0.33710999999999997
