0 0.2553251875 0.5222803806734992 0.08583400000000002 0.10125
0 0.29811231250000003 0.5372053440702782 0.088333 0.16875000000000004
0 0.3381376875 0.5780270863836018 0.10083399999999998 0.16124999999999995
0 0.3820703125 0.6036346998535871 0.12 0.15500000000000003
0 0.43049512500000003 0.6265977306002928 0.09833299999999995 0.1775000000000001
0 0.4789453125 0.6341672767203514 0.08833300000000005 0.21375000000000005
0 0.5328388749999999 0.6615226939970719 0.153333 0.24499999999999988
0 0.5978779375 0.6995955344070278 0.10750000000000004 0.21875
0 0.694401375 0.7845552708638361 0.23166600000000004 0.30249999999999994
2 0.0810029375 0.35531844802342605 0.015 0.05624999999999998
2 0.095625 0.40745424597364566 0.0325 0.18874999999999997
2 0.110859375 0.37895863836017574 0.012499999999999997 0.10750000000000007
2 0.1148828125 0.3329630307467057 0.009999999999999995 0.023749999999999997
2 0.131171875 0.37920754026354314 0.028332999999999997 0.12750000000000006
2 0.1435029375 0.34531844802342604 0.014999999999999986 0.05625000000000002
2 0.193254875 0.32213030746705706 0.091667 0.235
2 0.217057625 0.4105966325036603 0.05166599999999999 0.19749999999999998
2 0.2575126875 0.4614531478770132 0.07 0.21000000000000005
2 0.3704033125 0.510053074670571 0.244167 0.3449999999999999
2 0.378828125 0.3320662518301611 0.223333 0.09874999999999999
2 0.49661425 0.5105161054172768 0.10166700000000001 0.36749999999999994
2 0.5211455 0.5646595900439239 0.14250000000000002 0.35624999999999996
2 0.486171875 0.3644619326500732 0.029167 0.04500000000000002
2 0.488671875 0.3439238653001464 0.029167000000000054 0.08875000000000001
2 0.4885283125 0.4157814787701318 0.025833999999999968 0.08125000000000004
2 0.5898955 0.6335834553440703 0.204167 0.445
2 0.5301045 0.3362097364568082 0.04833300000000007 0.08625000000000003
2 0.5368876875 0.09699121522693997 0.03749999999999998 0.16499999999999998
2 0.600833 0.5428715226939971 0.125 0.39999999999999997
2 0.6232421875 0.38895314787701313 0.14833299999999994 0.20875000000000002
2 0.6700908125 0.6836530014641289 0.22999999999999998 0.48
2 0.7132685625 0.37052708638360177 0.03499999999999992 0.16125000000000003
2 0.7341533125 0.40898792093704245 0.05666699999999991 0.22624999999999992
2 0.7575390625 0.4167020497803806 0.08166699999999993 0.23
2 0.8158203125 0.4225237920937043 0.05666700000000002 0.22375000000000003
2 0.920625 0.4283052708638361 0.156667 0.30375
