0 0.18125 0.4650613211678832 0.1575 0.236227
0 0.40546875 0.5031725912408759 0.15000000000000002 0.24930000000000005
0 0.492734375 0.47493883941605836 0.19937500000000002 0.28478100000000006
0 0.6227734375 0.520586795620438 0.21687499999999993 0.326798
2 0.1646875 0.41227679562043795 0.14125 0.3267980000000001
2 0.4990234375 0.08905109489051095 0.999375 0.17927200000000001
2 0.374140625 0.36537607299270075 0.14625 0.20074699999999993
2 0.4244140625 0.23287845255474457 0.14375 0.111111
2 0.4790625 0.3783743576642336 0.20375000000000004 0.333334
2 0.6305078125 0.33472777372262774 0.26125 0.344538
