0 0.54071521522694 0.5457421874999999 0.16510300000000003 0.116875
2 0.03074670571010249 0.5100390625 0.06379 0.14312500000000006
2 0.036603221083455345 0.468515625 0.07410900000000001 0.1775
2 0.036603221083455345 0.549609375 0.07410900000000001 0.138125
2 0.06364980380673499 0.3966015625 0.041276 0.065
2 0.12933402489019033 0.51109375 0.11538400000000001 0.18125000000000002
2 0.13878412298682286 0.46875 0.095685 0.188125
2 0.21120147877013176 0.465625 0.07973699999999999 0.15687500000000004
2 0.25131096339677894 0.461015625 0.06941799999999992 0.14562500000000006
2 0.36035747877013175 0.466640625 0.081613 0.14500000000000007
2 0.4480113499267935 0.445234375 0.07692300000000009 0.13687500000000002
2 0.47453180380673493 0.437265625 0.04315200000000003 0.114375
2 0.5689283133235724 0.523046875 0.14634100000000005 0.12124999999999997
2 0.5527345768667643 0.4384375 0.06097599999999994 0.11125000000000002
2 0.5620013191800879 0.41875 0.05440900000000005 0.09562500000000002
2 0.6268435768667643 0.439296875 0.05909900000000001 0.12125000000000002
2 0.733443803806735 0.43140625 0.043151999999999864 0.10250000000000004
2 0.7422285768667642 0.419921875 0.05909900000000001 0.09062500000000001
2 0.9773458038067349 0.3944140625 0.042214000000000224 0.04999999999999999
3 0.5549004729136164 0.5566796875 0.17167 0.10062500000000008
