0 0.18375 0.44973707299270077 0.12562500000000001 0.1990659999999999
0 0.2739453125 0.3877069489051094 0.08874999999999997 0.18317799999999992
0 0.3333203125 0.45142934306569343 0.11937500000000001 0.21588799999999989
0 0.4481640625 0.5812606496350365 0.20625 0.328972
0 0.4305078125 0.3290193503649635 0.10375000000000001 0.074767
0 0.7228125 0.6364553357664233 0.265625 0.3542059999999999
2 0.1725390625 0.3794600072992701 0.113125 0.261682
2 0.0322265625 0.06599320437956205 0.065 0.076636
2 0.198203125 0.05348974452554745 0.06687499999999999 0.10560700000000002
2 0.27042968749999996 0.27514880291970806 0.131875 0.185981
2 0.2751953125 0.046190474452554746 0.05687500000000001 0.090654
2 0.3415625 0.3361345547445256 0.14250000000000002 0.15140199999999998
2 0.32578125 0.042335766423357665 0.04062499999999997 0.08598099999999999
2 0.367265625 0.04262920437956204 0.05249999999999999 0.078505
2 0.4330859375 0.4453438394160584 0.17062500000000003 0.28598200000000007
2 0.443671875 0.27784343065693434 0.15375 0.13177499999999995
2 0.4662890625 0.05582891240875912 0.04999999999999999 0.08224300000000001
2 0.60390625 0.10656934306569343 0.07062500000000005 0.214019
2 0.693984375 0.49798794890510945 0.20000000000000007 0.18224300000000007
2 0.676875 0.12474282481751825 0.0625 0.163551
2 0.8119921875 0.09343065693430656 0.08437499999999998 0.18878499999999998
