2 0.8896481875 0.3978656097560976 0.08496100000000006 0.24999999999999992
2 0.0595703125 0.4390239024390244 0.11914100000000001 0.5304880000000001
2 0.011718375 0.21646292682926832 0.011719 0.08689099999999998
2 0.1582034375 0.28048792682926826 0.030273000000000022 0.213414
2 0.1757815625 0.2713414146341464 0.03515599999999999 0.184451
2 0.31933581250000004 0.24085336585365855 0.009765999999999941 0.07469500000000001
2 0.360352 0.2423778048780488 0.0625 0.0625
2 0.4580074375 0.25457348780487804 0.12402399999999997 0.09756100000000002
2 0.6279301875 0.137195243902439 0.022460000000000035 0.050304999999999975
2 0.6523438125 0.13871946341463415 0.01074200000000003 0.04268299999999999
2 0.671874875 0.132622243902439 0.028320000000000012 0.051828999999999986
2 0.706055 0.13414619512195122 0.03125 0.064025
2 0.7470705624999999 0.12957270731707318 0.035156000000000076 0.09146399999999999
2 0.952148875 0.5472563902439024 0.09179599999999999 0.38109699999999996
2 0.9707034374999999 0.30487760975609757 0.02929700000000013 0.12195199999999998
2 0.9785156875000001 0.8185971219512196 0.03906199999999993 0.15091499999999994
