2 0.7703515625 0.5353943323572474 0.06499999999999995 0.3489680000000001
2 0.1577734375 0.45865390190336747 0.030624999999999986 0.022514000000000034
2 0.2029296875 0.4533676749633968 0.03812499999999999 0.04033800000000002
2 0.2487109375 0.452771448023426 0.044999999999999984 0.05816100000000012
2 0.3243359375 0.44361896339677886 0.04625000000000001 0.06848
2 0.3794921875 0.4500717057101025 0.053749999999999964 0.061913000000000024
2 0.4479296875 0.4372804787701317 0.07 0.08067499999999998
2 0.5143359375000001 0.4471434480234261 0.04562499999999997 0.05722299999999998
2 0.578515625 0.42396312298682287 0.05249999999999999 0.09568399999999991
2 0.6279296875 0.4384018345534407 0.03749999999999998 0.06472800000000001
2 0.6766796875 0.4431629326500732 0.03750000000000009 0.04596599999999996
2 0.900390625 0.5370687554904832 0.05125000000000002 0.292683
2 0.9366796875 0.5372790497803807 0.03749999999999998 0.230769
2 0.9744140625 0.5438191112737921 0.04937500000000006 0.2767360000000001
