0 0.639375 0.8011709458272328 0.34562499999999996 0.3424020000000001
0 0.0263671875 0.5579429882869693 0.054375 0.18292699999999992
0 0.1715234375 0.5954141112737921 0.18625000000000003 0.2767360000000001
0 0.3938671875 0.7556090995607613 0.273125 0.456848
2 0.1925390625 0.5240759516837482 0.14375000000000002 0.25046899999999994
2 0.20671875 0.5293621786237189 0.14875 0.23264499999999996
2 0.38046875 0.6725491918008785 0.24375000000000002 0.5290800000000001
2 0.3006640625 0.47167443045387997 0.08124999999999999 0.33020700000000003
2 0.5784374999999999 0.7741425841874084 0.29875 0.44746700000000017
2 0.8469140625 0.3457775710102489 0.08062499999999995 0.150094
2 0.894765625 0.34037708638360176 0.05249999999999999 0.16135100000000002
2 0.9100390625 0.3505376691068814 0.018125000000000058 0.12945600000000007
