3 0.032421875 0.48817741666666664 0.0275 0.013332999999999965
3 0.08859375 0.4907815833333333 0.024999999999999994 0.020000000000000018
3 0.1513671875 0.49817741666666665 0.023125000000000007 0.014165999999999975
3 0.266796875 0.4966663333333334 0.18375000000000002 0.0416669999999999
3 0.3615234375 0.6159895833333334 0.030625000000000013 0.11249999999999998
3 0.3881640625 0.5565625 0.018125000000000002 0.07916700000000014
3 0.40140625 0.4937496666666667 0.00874999999999998 0.022499999999999964
3 0.418984375 0.52125 0.012499999999999956 0.06333300000000001
3 0.4578515625 0.5508336666666667 0.03500000000000003 0.08583299999999998
3 0.4786328125 0.5289065833333334 0.010000000000000009 0.05166599999999999
