2 0.4930859375 0.42390186784140965 0.04562499999999997 0.15051800000000004
2 0.043515625 0.35357800293685754 0.05249999999999999 0.04233300000000006
2 0.085390625 0.32595243024963294 0.020625000000000004 0.026340999999999996
2 0.1562890625 0.47617171659324514 0.018750000000000017 0.034807000000000116
2 0.19 0.38898143024963294 0.06312499999999999 0.025399999999999975
2 0.2232421875 0.4372340044052863 0.023125000000000007 0.062088000000000074
2 0.2812109375 0.45818285903083705 0.015000000000000013 0.027280999999999875
2 0.2920703125 0.44524157415565346 0.02562500000000001 0.03856999999999998
2 0.578515625 0.45671443024963293 0.020625000000000004 0.025399999999999975
2 0.7265625 0.43406743171806167 0.016874999999999973 0.04421500000000007
